V	A
0.788830	0.000673
0.778630	0.000449
0.769030	0.000275
0.758830	0.000140
0.749030	0.000025
0.739029	-0.000055
0.729029	-0.000133
0.719029	-0.000202
0.709029	-0.000253
0.698828	-0.000296
0.689028	-0.000332
0.679028	-0.000362
0.669028	-0.000387
0.658827	-0.000409
0.649027	-0.000428
0.639227	-0.000444
0.629027	-0.000458
0.619227	-0.000407
0.609026	-0.000488
0.598826	-0.000424
0.589026	-0.000502
0.579026	-0.000510
0.569225	-0.000518
0.559025	-0.000526
0.549025	-0.000533
0.539025	-0.000541
0.529024	-0.000548
0.518824	-0.000555
0.509224	-0.000563
0.499024	-0.000569
0.489024	-0.000576
0.479023	-0.000584
0.469023	-0.000591
0.459223	-0.000598
0.449223	-0.000605
0.439222	-0.000612
0.428822	-0.000619
0.419022	-0.000626
0.409222	-0.000634
0.399422	-0.000641
0.389221	-0.000649
0.379421	-0.000656
0.369021	-0.000663
0.359221	-0.000671
0.349220	-0.000678
0.339420	-0.000686
0.329020	-0.000694
0.319220	-0.000702
0.309219	-0.000710
0.299219	-0.000717
0.289219	-0.000725
0.279419	-0.000733
0.269219	-0.000741
0.259218	-0.000748
0.249418	-0.000756
0.239218	-0.000764
0.229218	-0.000771
0.219217	-0.000779
0.209017	-0.000786
0.199417	-0.000793
0.189417	-0.000801
0.179416	-0.000809
0.169216	-0.000815
0.159416	-0.000822
0.149416	-0.000829
0.139016	-0.000835
0.129415	-0.000842
0.119215	-0.000848
0.109415	-0.000854
0.099215	-0.000860
0.089414	-0.000866
0.079414	-0.000872
0.069214	-0.000877
0.059414	-0.000882
0.049214	-0.000886
0.039213	-0.000891
0.029413	-0.000896
0.019413	-0.000901
0.009413	-0.000905
-0.000588	-0.000910
-0.010588	-0.000914
-0.020588	-0.000918
-0.030788	-0.000922
-0.040589	-0.000927
-0.050589	-0.000931
-0.060789	-0.000935
-0.070389	-0.000939
-0.080389	-0.000943
-0.090790	-0.000947
-0.100590	-0.000951
-0.110590	-0.000956
-0.120590	-0.000960
-0.130391	-0.000964
-0.140391	-0.000968
-0.150591	-0.000972
-0.160391	-0.000976
-0.170591	-0.000980
-0.180392	-0.000984
-0.190592	-0.000987
-0.200592	-0.000992
-0.210392	-0.000995
-0.220393	-0.000999
-0.230593	-0.001003
-0.240593	-0.001006
-0.250393	-0.001009
-0.260394	-0.001012
-0.270394	-0.001015
-0.280594	-0.001018
-0.290394	-0.001020
-0.300594	-0.001022
-0.310395	-0.001025
-0.320595	-0.001026
-0.330195	-0.001028
-0.340395	-0.001029
-0.350596	-0.001030
-0.360396	-0.001032
-0.370396	-0.001032
-0.380396	-0.001032
-0.390596	-0.001033
-0.400397	-0.001032
-0.410197	-0.001032
-0.420197	-0.001031
-0.430197	-0.001031
-0.440198	-0.001029
-0.450398	-0.001029
-0.460398	-0.001027
-0.470198	-0.001026
-0.480199	-0.001025
-0.490199	-0.001023
-0.500399	-0.001021
-0.510199	-0.001020
-0.520199	-0.001018
-0.530200	-0.001016
-0.540400	-0.001015
-0.550200	-0.001013
-0.560200	-0.001012
-0.570201	-0.001010
-0.580201	-0.001009
-0.590201	-0.001008
-0.600201	-0.001007
-0.610201	-0.001006
-0.620202	-0.001006
-0.630002	-0.001006
-0.640202	-0.001006
-0.650202	-0.001006
-0.660203	-0.001007
-0.670203	-0.001008
-0.680203	-0.001010
-0.690203	-0.001011
-0.700004	-0.001014
-0.710204	-0.001017
-0.720204	-0.001020
-0.730004	-0.001024
-0.740004	-0.001030
-0.750005	-0.001035
-0.760005	-0.001042
-0.770205	-0.001050
-0.780205	-0.001058
-0.790206	-0.001068
-0.800206	-0.001079
-0.789605	-0.000719
-0.779805	-0.000461
-0.769805	-0.000264
-0.759805	-0.000114
-0.750005	0.000012
-0.739604	0.000055
-0.730004	0.000179
-0.719804	0.000256
-0.709804	0.000311
-0.700004	0.000356
-0.689803	0.000394
-0.680003	0.000426
-0.669803	0.000454
-0.660003	0.000417
-0.650002	0.000499
-0.640002	0.000517
-0.630002	0.000533
-0.619802	0.000548
-0.609801	0.000561
-0.599801	0.000573
-0.589801	0.000584
-0.579801	0.000594
-0.570001	0.000603
-0.560000	0.000612
-0.549800	0.000621
-0.540000	0.000629
-0.530000	0.000637
-0.519799	0.000644
-0.509999	0.000651
-0.499799	0.000659
-0.489999	0.000666
-0.479998	0.000673
-0.469998	0.000680
-0.459998	0.000687
-0.449998	0.000693
-0.439998	0.000700
-0.429997	0.000707
-0.419997	0.000714
-0.409997	0.000720
-0.399997	0.000728
-0.390196	0.000734
-0.379996	0.000741
-0.369996	0.000748
-0.360196	0.000754
-0.350196	0.000761
-0.340195	0.000768
-0.330195	0.000774
-0.319995	0.000781
-0.309995	0.000787
-0.299994	0.000794
-0.290194	0.000800
-0.279994	0.000807
-0.269994	0.000813
-0.260394	0.000819
-0.250193	0.000825
-0.240193	0.000832
-0.230193	0.000837
-0.220193	0.000843
-0.209992	0.000849
-0.199992	0.000854
-0.189992	0.000860
-0.180392	0.000865
-0.170191	0.000870
-0.160191	0.000875
-0.150191	0.000879
-0.140191	0.000883
-0.130191	0.000887
-0.120190	0.000891
-0.110190	0.000894
-0.100390	0.000898
-0.090390	0.000901
-0.079989	0.000904
-0.070389	0.000906
-0.060389	0.000908
-0.050189	0.000910
-0.040389	0.000913
-0.030188	0.000914
-0.020188	0.000916
-0.010188	0.000917
-0.000388	0.000918
0.009613	0.000920
0.019613	0.000922
0.029813	0.000923
0.039613	0.000924
0.049614	0.000925
0.059814	0.000926
0.069814	0.000927
0.079414	0.000928
0.089615	0.000929
0.099615	0.000930
0.109815	0.000931
0.119615	0.000931
0.129815	0.000932
0.139616	0.000933
0.149416	0.000934
0.159616	0.000934
0.169616	0.000936
0.179617	0.000936
0.189617	0.000938
0.199617	0.000938
0.209617	0.000938
0.219417	0.000939
0.229418	0.000940
0.239618	0.000940
0.249418	0.000941
0.259618	0.000941
0.269419	0.000941
0.279419	0.000940
0.289419	0.000940
0.299619	0.000940
0.309619	0.000939
0.319420	0.000938
0.329420	0.000937
0.339420	0.000936
0.349620	0.000935
0.359621	0.000933
0.369421	0.000932
0.379621	0.000930
0.389421	0.000928
0.399422	0.000926
0.409422	0.000923
0.419422	0.000921
0.429422	0.000919
0.439222	0.000917
0.449423	0.000914
0.459223	0.000912
0.469423	0.000910
0.479423	0.000907
0.489424	0.000904
0.499224	0.000903
0.509224	0.000900
0.519424	0.000898
0.529225	0.000896
0.539225	0.000894
0.549425	0.000893
0.559225	0.000891
0.569225	0.000890
0.579426	0.000889
0.589226	0.000888
0.599426	0.000889
0.609426	0.000889
0.619227	0.000889
0.629427	0.000890
0.639227	0.000891
0.649227	0.000892
0.659227	0.000894
0.669428	0.000896
0.679228	0.000899
0.689228	0.000902
0.699028	0.000906
0.709229	0.000910
0.719229	0.000914
0.729029	0.000919
0.739429	0.000925
0.749229	0.000931
0.759230	0.000938
0.769230	0.000946
0.779430	0.000955
0.789030	0.000964
0.799231	0.000975
