Voltaje	Corriente
0.789430	0.001480
0.779230	0.001168
0.769430	0.000909
0.759230	0.000683
0.749229	0.000485
0.739429	0.000312
0.729229	0.000149
0.719229	0.000024
0.709229	-0.000055
0.699228	-0.000244
0.689228	-0.000295
0.679428	-0.000396
0.669228	-0.000473
0.659227	-0.000659
0.649227	-0.000537
0.639427	-0.000668
0.629227	-0.000711
0.619426	-0.000756
0.609426	-0.000797
0.599226	-0.000833
0.589226	-0.000867
0.579226	-0.000897
0.569625	-0.000925
0.559425	-0.000950
0.549425	-0.000974
0.539225	-0.000995
0.529424	-0.001016
0.519424	-0.001035
0.509424	-0.001054
0.499424	-0.001071
0.489424	-0.001088
0.479423	-0.001103
0.469423	-0.001119
0.459423	-0.001134
0.449623	-0.001149
0.439422	-0.001164
0.429422	-0.001178
0.419422	-0.001192
0.409622	-0.001207
0.399622	-0.001221
0.389621	-0.001235
0.379421	-0.001249
0.369421	-0.001263
0.359421	-0.001276
0.349620	-0.001290
0.339620	-0.001304
0.329420	-0.001318
0.319620	-0.001331
0.309619	-0.001345
0.299619	-0.001359
0.289819	-0.001373
0.279619	-0.001387
0.269619	-0.001401
0.259618	-0.001415
0.249818	-0.001429
0.239618	-0.001443
0.229618	-0.001457
0.219617	-0.001470
0.209617	-0.001484
0.199617	-0.001498
0.189617	-0.001512
0.179617	-0.001526
0.169616	-0.001539
0.159616	-0.001552
0.149416	-0.001566
0.139616	-0.001579
0.129815	-0.001592
0.119815	-0.001605
0.109615	-0.001618
0.099815	-0.001631
0.089615	-0.001643
0.079814	-0.001655
0.069614	-0.001668
0.059614	-0.001679
0.049814	-0.001691
0.039813	-0.001702
0.029613	-0.001713
0.019813	-0.001724
0.010013	-0.001735
-0.000188	-0.001745
-0.010388	-0.001755
-0.020188	-0.001765
-0.030188	-0.001775
-0.040189	-0.001784
-0.050189	-0.001794
-0.060189	-0.001803
-0.070189	-0.001812
-0.080189	-0.001821
-0.090190	-0.001830
-0.100190	-0.001838
-0.110190	-0.001847
-0.120190	-0.001855
-0.130391	-0.001864
-0.140191	-0.001872
-0.149991	-0.001881
-0.160191	-0.001889
-0.170191	-0.001897
-0.179992	-0.001906
-0.190192	-0.001914
-0.200192	-0.001922
-0.209992	-0.001930
-0.220193	-0.001939
-0.230193	-0.001947
-0.239993	-0.001954
-0.250193	-0.001962
-0.260193	-0.001969
-0.270394	-0.001977
-0.279994	-0.001985
-0.289994	-0.001992
-0.299994	-0.001999
-0.309795	-0.002005
-0.320195	-0.002012
-0.329995	-0.002019
-0.340195	-0.002025
-0.349996	-0.002031
-0.359996	-0.002036
-0.369996	-0.002042
-0.379996	-0.002047
-0.390196	-0.002051
-0.399997	-0.002055
-0.409997	-0.002058
-0.419797	-0.002061
-0.429997	-0.002064
-0.439798	-0.002067
-0.449998	-0.002069
-0.459998	-0.002070
-0.469798	-0.002071
-0.479798	-0.002071
-0.489999	-0.002071
-0.499799	-0.002070
-0.509999	-0.002070
-0.519999	-0.002069
-0.530000	-0.002068
-0.539800	-0.002066
-0.549800	-0.002064
-0.559800	-0.002062
-0.570001	-0.002059
-0.579601	-0.002057
-0.589801	-0.002055
-0.600001	-0.002052
-0.610001	-0.002050
-0.620002	-0.002048
-0.629802	-0.002046
-0.639802	-0.002043
-0.649802	-0.002041
-0.659603	-0.002039
-0.669803	-0.002037
-0.679803	-0.002035
-0.689603	-0.002034
-0.700004	-0.002033
-0.709604	-0.002032
-0.719804	-0.002033
-0.729604	-0.002034
-0.739804	-0.002036
-0.749605	-0.002038
-0.759805	-0.002041
-0.769805	-0.002046
-0.779805	-0.002051
-0.789605	-0.002057
-0.799806	-0.002064
-0.790406	-0.001634
-0.780005	-0.001269
-0.770205	-0.000967
-0.760205	-0.000705
-0.750005	-0.000478
-0.740204	-0.000278
-0.730004	-0.000097
-0.720404	0.000047
-0.710204	0.000188
-0.700203	0.000309
-0.690203	0.000417
-0.680203	0.000512
-0.670203	0.000724
-0.660203	0.000602
-0.650202	0.000751
-0.640202	0.000804
-0.630402	0.000859
-0.620202	0.000908
-0.610201	0.000953
-0.600201	0.000993
-0.590401	0.001029
-0.580001	0.001062
-0.570201	0.001092
-0.560200	0.001119
-0.550200	0.001145
-0.540200	0.001169
-0.530200	0.001191
-0.520199	0.001211
-0.510399	0.001230
-0.500399	0.001249
-0.490399	0.001266
-0.480399	0.001283
-0.470398	0.001299
-0.460198	0.001314
-0.450398	0.001329
-0.440398	0.001343
-0.430397	0.001357
-0.420397	0.001371
-0.410397	0.001384
-0.400397	0.001397
-0.390396	0.001411
-0.380596	0.001423
-0.370396	0.001436
-0.360396	0.001448
-0.350596	0.001461
-0.340395	0.001474
-0.330595	0.001486
-0.320395	0.001498
-0.310195	0.001510
-0.300394	0.001522
-0.290394	0.001534
-0.280394	0.001546
-0.270394	0.001558
-0.260394	0.001569
-0.250593	0.001580
-0.240593	0.001592
-0.230593	0.001603
-0.220393	0.001614
-0.210392	0.001626
-0.200592	0.001637
-0.190392	0.001648
-0.180592	0.001659
-0.170591	0.001669
-0.160391	0.001679
-0.150591	0.001689
-0.140391	0.001699
-0.130591	0.001708
-0.120390	0.001718
-0.110590	0.001727
-0.100590	0.001735
-0.090390	0.001744
-0.080789	0.001752
-0.070789	0.001760
-0.060589	0.001767
-0.050589	0.001775
-0.040589	0.001782
-0.030788	0.001788
-0.020588	0.001793
-0.010588	0.001800
-0.000788	0.001805
0.009213	0.001810
0.019413	0.001815
0.029213	0.001820
0.039213	0.001824
0.049214	0.001828
0.059214	0.001832
0.069214	0.001836
0.079214	0.001839
0.089215	0.001843
0.099215	0.001845
0.109215	0.001848
0.119215	0.001851
0.129415	0.001853
0.139216	0.001856
0.149216	0.001858
0.159216	0.001861
0.169216	0.001863
0.179017	0.001865
0.189217	0.001868
0.199017	0.001870
0.209217	0.001871
0.219217	0.001873
0.229218	0.001874
0.239418	0.001875
0.249018	0.001877
0.259018	0.001879
0.269019	0.001880
0.279219	0.001881
0.289219	0.001882
0.299019	0.001883
0.309219	0.001883
0.319020	0.001884
0.329020	0.001883
0.339020	0.001883
0.349220	0.001883
0.359021	0.001882
0.369021	0.001881
0.379021	0.001880
0.389221	0.001879
0.399222	0.001877
0.409022	0.001875
0.419022	0.001873
0.429022	0.001871
0.439222	0.001868
0.449023	0.001865
0.459223	0.001861
0.469023	0.001857
0.478823	0.001854
0.489024	0.001850
0.499024	0.001846
0.509024	0.001841
0.518824	0.001837
0.529024	0.001833
0.539025	0.001828
0.549025	0.001824
0.558825	0.001820
0.569025	0.001815
0.579026	0.001811
0.589026	0.001808
0.599026	0.001805
0.609026	0.001801
0.619027	0.001798
0.628827	0.001796
0.639027	0.001793
0.648827	0.001791
0.658827	0.001789
0.668828	0.001788
0.678828	0.001788
0.688828	0.001788
0.698828	0.001789
0.708829	0.001791
0.718829	0.001793
0.729029	0.001796
0.738829	0.001800
0.748829	0.001804
0.758830	0.001810
0.768630	0.001817
0.778830	0.001825
0.788830	0.001834
0.798631	0.001843
