Time	Voltage	Current
0.0133330000000000	0.585183000000000	0.000600455000000000
0.680000000000000	0.609262000000000	0.000600898000000000
1.34667000000000	0.626553000000000	0.000600910000000000
2.01333000000000	0.641864000000000	0.000601519000000000
2.68000000000000	0.655883000000000	0.000600775000000000
3.34667000000000	0.668962000000000	0.000600729000000000
4.01333000000000	0.681104000000000	0.000600959000000000
4.68000000000000	0.692432000000000	0.000601019000000000
5.34667000000000	0.702980000000000	0.000600934000000000
6.01333000000000	0.712740000000000	0.000600803000000000
6.68000000000000	0.721742000000000	0.000600823000000000
7.34667000000000	0.729970000000000	0.000600466000000000
8.01333000000000	0.737477000000000	0.000600501000000000
8.68000000000000	0.744374000000000	0.000601076000000000
9.34667000000000	0.750594000000000	0.000601050000000000
10.0133000000000	0.756323000000000	0.000600701000000000
10.6800000000000	0.761585000000000	0.000600689000000000
11.3467000000000	0.766375000000000	0.000601188000000000
12.0133000000000	0.770873000000000	0.000600871000000000
12.6800000000000	0.775069000000000	0.000600691000000000
13.3467000000000	0.778949000000000	0.000600551000000000
14.0133000000000	0.782646000000000	0.000601158000000000
14.6800000000000	0.786149000000000	0.000601091000000000
15.3467000000000	0.789522000000000	0.000600841000000000
16.0133000000000	0.792706000000000	0.000600731000000000
16.6800000000000	0.795837000000000	0.000600760000000000
17.3467000000000	0.798828000000000	0.000600800000000000
18.0133000000000	0.801730000000000	0.000601029000000000
18.6800000000000	0.804526000000000	0.000600937000000000
19.3467000000000	0.807210000000000	0.000601092000000000
20.0133000000000	0.809879000000000	0.000600735000000000
20.6800000000000	0.812480000000000	0.000600986000000000
21.3467000000000	0.815013000000000	0.000600850000000000
22.0133000000000	0.817567000000000	0.000600606000000000
22.6800000000000	0.820057000000000	0.000601139000000000
23.3467000000000	0.822464000000000	0.000600837000000000
24.0133000000000	0.824858000000000	0.000601286000000000
24.6800000000000	0.827183000000000	0.000601160000000000
25.3467000000000	0.829504000000000	0.000600714000000000
26.0133000000000	0.831779000000000	0.000600403000000000
26.6800000000000	0.834048000000000	0.000601064000000000
27.3467000000000	0.836274000000000	0.000600936000000000
28.0133000000000	0.838463000000000	0.000600607000000000
28.6800000000000	0.840643000000000	0.000600315000000000
29.3467000000000	0.842775000000000	0.000601120000000000
30.0133000000000	0.844931000000000	0.000600793000000000
30.6800000000000	0.847021000000000	0.000600588000000000
31.3467000000000	0.849099000000000	0.000600504000000000
32.0133000000000	0.851132000000000	0.000600895000000000
32.6800000000000	0.853178000000000	0.000601353000000000
33.3467000000000	0.855185000000000	0.000600300000000000
34.0133000000000	0.857178000000000	0.000600557000000000
34.6800000000000	0.859114000000000	0.000601117000000000
35.3467000000000	0.861092000000000	0.000601102000000000
36.0133000000000	0.863040000000000	0.000600994000000000
36.6800000000000	0.864931000000000	0.000600941000000000
37.3467000000000	0.866864000000000	0.000601069000000000
38.0133000000000	0.868749000000000	0.000601340000000000
38.6800000000000	0.870651000000000	0.000600625000000000
39.3467000000000	0.872494000000000	0.000600751000000000
40.0133000000000	0.874342000000000	0.000601206000000000
40.6800000000000	0.876176000000000	0.000600800000000000
41.3467000000000	0.877978000000000	0.000600435000000000
42.0133000000000	0.879785000000000	0.000600790000000000
42.6800000000000	0.881572000000000	0.000600606000000000
43.3467000000000	0.883423000000000	0.000601018000000000
44.0133000000000	0.885176000000000	0.000600794000000000
44.6800000000000	0.886897000000000	0.000600738000000000
45.3467000000000	0.888635000000000	0.000601061000000000
46.0133000000000	0.890421000000000	0.000600912000000000
46.6800000000000	0.892100000000000	0.000601071000000000
47.3467000000000	0.893807000000000	0.000601439000000000
48.0133000000000	0.895544000000000	0.000600594000000000
48.6800000000000	0.897194000000000	0.000600839000000000
49.3467000000000	0.898891000000000	0.000601074000000000
50.0133000000000	0.900527000000000	0.000601100000000000
50.6800000000000	0.902166000000000	0.000601099000000000
51.3467000000000	0.903774000000000	0.000600707000000000
52.0133000000000	0.905384000000000	0.000600752000000000
52.6800000000000	0.906997000000000	0.000600880000000000
53.3467000000000	0.908625000000000	0.000601078000000000
54.0133000000000	0.910209000000000	0.000600686000000000
54.6800000000000	0.911782000000000	0.000600889000000000
55.3467000000000	0.913368000000000	0.000601078000000000
56.0133000000000	0.914870000000000	0.000600958000000000
56.6800000000000	0.916401000000000	0.000600363000000000
57.3467000000000	0.917961000000000	0.000600538000000000
58.0133000000000	0.919425000000000	0.000600849000000000
58.6800000000000	0.921021000000000	0.000600554000000000
59.3467000000000	0.922536000000000	0.000601119000000000
60.0133000000000	0.923993000000000	0.000600803000000000
60.6800000000000	0.925520000000000	0.000600813000000000
61.3467000000000	0.927033000000000	0.000600946000000000
62.0133000000000	0.928512000000000	0.000600770000000000
62.6800000000000	0.929968000000000	0.000600691000000000
63.3467000000000	0.931449000000000	0.000601139000000000
64.0133000000000	0.932876000000000	0.000600274000000000
64.6800000000000	0.934308000000000	0.000601002000000000
65.3467000000000	0.935692000000000	0.000601056000000000
66.0133000000000	0.937138000000000	0.000600953000000000
66.6800000000000	0.938515000000000	0.000600939000000000
67.3467000000000	0.939886000000000	0.000600480000000000
68.0133000000000	0.941296000000000	0.000600575000000000
68.6800000000000	0.942650000000000	0.000601063000000000
69.3467000000000	0.944033000000000	0.000600698000000000
70.0133000000000	0.945367000000000	0.000601115000000000
70.6800000000000	0.946815000000000	0.000600453000000000
71.3467000000000	0.948172000000000	0.000601286000000000
72.0133000000000	0.949511000000000	0.000600664000000000
72.6800000000000	0.950810000000000	0.000600585000000000
73.3467000000000	0.952193000000000	0.000601086000000000
74.0133000000000	0.953533000000000	0.000601247000000000
74.6800000000000	0.954864000000000	0.000600685000000000
75.3467000000000	0.956234000000000	0.000600677000000000
76.0133000000000	0.957584000000000	0.000600300000000000
76.6800000000000	0.958945000000000	0.000601626000000000
77.3467000000000	0.960233000000000	0.000600687000000000
78.0133000000000	0.961547000000000	0.000600939000000000
78.6800000000000	0.962842000000000	0.000600600000000000
79.3467000000000	0.964155000000000	0.000600551000000000
80.0133000000000	0.965469000000000	0.000601117000000000
80.6800000000000	0.966767000000000	0.000600823000000000
81.3467000000000	0.968597000000000	0.000600163000000000
82.0133000000000	0.970470000000000	0.000600747000000000
82.6800000000000	0.972181000000000	0.000600936000000000
83.3467000000000	0.973798000000000	0.000600843000000000
84.0133000000000	0.975264000000000	0.000600903000000000
84.6800000000000	0.976656000000000	0.000600865000000000
85.3467000000000	0.978047000000000	0.000601022000000000
86.0133000000000	0.979378000000000	0.000600563000000000
86.6800000000000	0.980684000000000	0.000600513000000000
87.3467000000000	0.981961000000000	0.000600745000000000
88.0133000000000	0.983212000000000	0.000601086000000000
88.6800000000000	0.984508000000000	0.000600624000000000
89.3467000000000	0.985766000000000	0.000600737000000000
90.0133000000000	0.987004000000000	0.000601185000000000
90.6800000000000	0.988265000000000	0.000601865000000000
91.3467000000000	0.989483000000000	0.000601407000000000
92.0133000000000	0.990688000000000	0.000600886000000000
92.6800000000000	0.991866000000000	0.000600714000000000
93.3467000000000	0.993116000000000	0.000600502000000000
94.0133000000000	0.994280000000000	0.000601309000000000
94.6800000000000	0.995507000000000	0.000600478000000000
95.3470000000000	0.996735000000000	0.000600799000000000
96.0130000000000	0.997919000000000	0.000601117000000000
96.6800000000000	0.999107000000000	0.000600756000000000
97.3417000000000	0.926969000000000	-0.000599022000000000
98.0083670000000	0.884107000000000	-0.000598619000000000
98.6750300000000	0.848085000000000	-0.000598668000000000
99.3417000000000	0.815424000000000	-0.000598509000000000
100.008370000000	0.785263000000000	-0.000598842000000000
100.675030000000	0.756972000000000	-0.000598590000000000
101.341700000000	0.730303000000000	-0.000598267000000000
102.008370000000	0.705112000000000	-0.000598726000000000
102.675030000000	0.681144000000000	-0.000599033000000000
103.341700000000	0.658296000000000	-0.000598026000000000
104.008370000000	0.636499000000000	-0.000599055000000000
104.675030000000	0.615629000000000	-0.000597979000000000
105.341700000000	0.595537000000000	-0.000599082000000000
106.008370000000	0.576214000000000	-0.000598632000000000
106.675030000000	0.557666000000000	-0.000598539000000000
107.341700000000	0.539770000000000	-0.000599293000000000
108.008400000000	0.522483000000000	-0.000598668000000000
108.675000000000	0.505755000000000	-0.000598650000000000
109.341700000000	0.489621000000000	-0.000599720000000000
110.008400000000	0.474250000000000	-0.000598785000000000
110.675000000000	0.459003000000000	-0.000598954000000000
111.341700000000	0.444190000000000	-0.000599095000000000
112.008400000000	0.429741000000000	-0.000599046000000000
112.675000000000	0.415653000000000	-0.000599116000000000
113.341700000000	0.401891000000000	-0.000598458000000000
114.008400000000	0.388427000000000	-0.000598153000000000
114.675000000000	0.375242000000000	-0.000598905000000000
115.341700000000	0.362307000000000	-0.000598245000000000
116.008400000000	0.349650000000000	-0.000598989000000000
116.675000000000	0.337190000000000	-0.000598969000000000
117.341700000000	0.324986000000000	-0.000598449000000000
118.008400000000	0.312957000000000	-0.000598664000000000
118.675000000000	0.301104000000000	-0.000598278000000000
119.341700000000	0.289434000000000	-0.000598617000000000
120.008400000000	0.277952000000000	-0.000598299000000000
120.675000000000	0.266592000000000	-0.000597802000000000
121.341700000000	0.255390000000000	-0.000598822000000000
122.008400000000	0.244349000000000	-0.000597899000000000
122.675000000000	0.233417000000000	-0.000598364000000000
123.341700000000	0.222626000000000	-0.000598905000000000
124.008400000000	0.211933000000000	-0.000598194000000000
124.675000000000	0.201347000000000	-0.000598821000000000
125.341700000000	0.190863000000000	-0.000599323000000000
126.008400000000	0.180477000000000	-0.000598374000000000
126.675000000000	0.170186000000000	-0.000598949000000000
127.341700000000	0.159987000000000	-0.000599100000000000
128.008400000000	0.149866000000000	-0.000599034000000000
128.675000000000	0.139828000000000	-0.000598709000000000
129.341700000000	0.129870000000000	-0.000598388000000000
130.008400000000	0.119973000000000	-0.000599243000000000
130.675000000000	0.110154000000000	-0.000599096000000000
131.341700000000	0.100415000000000	-0.000598433000000000
132.008400000000	0.0907320000000000	-0.000598152000000000
132.675000000000	0.0811246000000000	-0.000598580000000000
133.341700000000	0.0715729000000000	-0.000599213000000000
134.008400000000	0.0620998000000000	-0.000598624000000000
134.675000000000	0.0526641000000000	-0.000598457000000000
135.341700000000	0.0433349000000000	-0.000599064000000000
136.008400000000	0.0340240000000000	-0.000598858000000000
136.675000000000	0.0247742000000000	-0.000597738000000000
137.341700000000	0.0155845000000000	-0.000598954000000000
138.008400000000	0.00647471000000000	-0.000598001000000000
138.664967000000	0.0724750000000000	0.000601012000000000
139.331633000000	0.0929028000000000	0.000600556000000000
139.998300000000	0.110300000000000	0.000600417000000000
140.664970000000	0.126381000000000	0.000601837000000000
141.331630000000	0.141574000000000	0.000600470000000000
141.998300000000	0.156185000000000	0.000601204000000000
142.664970000000	0.170310000000000	0.000600280000000000
143.331630000000	0.184044000000000	0.000600761000000000
143.998300000000	0.197465000000000	0.000601126000000000
144.664970000000	0.210615000000000	0.000600441000000000
145.331630000000	0.223533000000000	0.000600504000000000
145.998300000000	0.236262000000000	0.000600995000000000
146.664970000000	0.248791000000000	0.000601153000000000
147.331630000000	0.261158000000000	0.000601261000000000
147.998300000000	0.273407000000000	0.000601176000000000
148.665000000000	0.285533000000000	0.000600689000000000
149.331600000000	0.297533000000000	0.000600522000000000
149.998300000000	0.309425000000000	0.000600968000000000
150.665000000000	0.321234000000000	0.000600975000000000
151.331600000000	0.332965000000000	0.000601139000000000
151.998300000000	0.344627000000000	0.000601133000000000
152.665000000000	0.356222000000000	0.000600472000000000
153.331600000000	0.367776000000000	0.000601704000000000
153.998300000000	0.379257000000000	0.000600530000000000
154.665000000000	0.390721000000000	0.000600319000000000
155.331600000000	0.402153000000000	0.000600850000000000
155.998300000000	0.413505000000000	0.000600676000000000
156.665000000000	0.424851000000000	0.000600716000000000
157.331600000000	0.436193000000000	0.000600952000000000
157.998300000000	0.447464000000000	0.000600966000000000
158.665000000000	0.458739000000000	0.000600808000000000
159.331600000000	0.469983000000000	0.000600441000000000
159.998300000000	0.481218000000000	0.000600298000000000
160.665000000000	0.492434000000000	0.000599629000000000
161.331600000000	0.503644000000000	0.000601215000000000
161.998300000000	0.514825000000000	0.000600795000000000
162.665000000000	0.525985000000000	0.000600199000000000
163.331600000000	0.536854000000000	0.000600678000000000
163.998300000000	0.547976000000000	0.000600116000000000
164.665000000000	0.559056000000000	0.000600774000000000
165.331600000000	0.570203000000000	0.000600920000000000
165.998300000000	0.581215000000000	0.000600801000000000
166.665000000000	0.592270000000000	0.000600996000000000
167.331600000000	0.603223000000000	0.000601533000000000
167.998300000000	0.614220000000000	0.000600860000000000
168.665000000000	0.625111000000000	0.000600166000000000
169.331600000000	0.635878000000000	0.000600454000000000
169.998300000000	0.646589000000000	0.000600521000000000
170.665000000000	0.657271000000000	0.000601177000000000
171.331600000000	0.667831000000000	0.000600904000000000
171.998300000000	0.678317000000000	0.000600728000000000
172.665000000000	0.688622000000000	0.000600237000000000
173.331600000000	0.698876000000000	0.000600856000000000
173.998300000000	0.708962000000000	0.000600418000000000
174.665000000000	0.718961000000000	0.000600555000000000
175.331600000000	0.728795000000000	0.000601106000000000
175.998300000000	0.738434000000000	0.000601305000000000
176.665000000000	0.748005000000000	0.000600971000000000
177.331600000000	0.757365000000000	0.000601328000000000
177.998300000000	0.766536000000000	0.000601252000000000
178.665000000000	0.775579000000000	0.000600380000000000
179.331600000000	0.784356000000000	0.000601776000000000
179.998300000000	0.793072000000000	0.000600628000000000
180.665000000000	0.801474000000000	0.000600394000000000
181.331600000000	0.809738000000000	0.000600189000000000
181.998300000000	0.817782000000000	0.000600734000000000
182.665000000000	0.825653000000000	0.000600852000000000
183.331600000000	0.833238000000000	0.000600543000000000
183.998300000000	0.840672000000000	0.000601258000000000
184.665000000000	0.847901000000000	0.000601162000000000
185.331600000000	0.854916000000000	0.000600790000000000
185.998300000000	0.861719000000000	0.000601526000000000
186.665000000000	0.868292000000000	0.000600449000000000
187.331600000000	0.874695000000000	0.000601289000000000
187.998300000000	0.880826000000000	0.000601717000000000
188.665000000000	0.886777000000000	0.000600968000000000
189.331600000000	0.892490000000000	0.000601077000000000
189.998300000000	0.897997000000000	0.000601143000000000
190.665000000000	0.903332000000000	0.000601145000000000
191.331600000000	0.908487000000000	0.000601372000000000
191.998300000000	0.913370000000000	0.000601467000000000
192.665000000000	0.918086000000000	0.000601415000000000
193.331600000000	0.922721000000000	0.000600803000000000
193.998300000000	0.927085000000000	0.000600537000000000
194.665000000000	0.931272000000000	0.000601339000000000
195.331600000000	0.935302000000000	0.000601298000000000
195.998300000000	0.939152000000000	0.000600952000000000
196.665000000000	0.942890000000000	0.000600884000000000
197.331600000000	0.946489000000000	0.000600506000000000
197.998300000000	0.949931000000000	0.000600278000000000
198.665000000000	0.953215000000000	0.000601292000000000
199.331600000000	0.956345000000000	0.000600444000000000
199.998300000000	0.959417000000000	0.000600822000000000
200.665000000000	0.962296000000000	0.000601090000000000
201.331600000000	0.965097000000000	0.000601197000000000
201.998300000000	0.967844000000000	0.000600920000000000
202.665000000000	0.970475000000000	0.000601149000000000
203.331600000000	0.973065000000000	0.000600634000000000
203.998300000000	0.975508000000000	0.000600688000000000
204.665000000000	0.977835000000000	0.000600733000000000
205.331600000000	0.980147000000000	0.000600983000000000
205.998300000000	0.982338000000000	0.000600694000000000
206.665000000000	0.984488000000000	0.000600953000000000
207.331600000000	0.986540000000000	0.000600151000000000
207.998300000000	0.988579000000000	0.000600849000000000
208.665000000000	0.990570000000000	0.000600522000000000
209.331600000000	0.992427000000000	0.000601649000000000
209.998300000000	0.994248000000000	0.000600519000000000
210.665000000000	0.996035000000000	0.000600816000000000
211.331600000000	0.997831000000000	0.000600788000000000
211.998300000000	0.999508000000000	0.000600820000000000
212.654967000000	0.909413000000000	-0.000599425000000000
213.321630000000	0.871288000000000	-0.000599330000000000
213.988300000000	0.837263000000000	-0.000598696000000000
214.654970000000	0.805926000000000	-0.000598113000000000
215.321630000000	0.776403000000000	-0.000598629000000000
215.988300000000	0.748587000000000	-0.000598146000000000
216.654970000000	0.722123000000000	-0.000597979000000000
217.321630000000	0.696950000000000	-0.000598783000000000
217.988300000000	0.672896000000000	-0.000598519000000000
218.654970000000	0.649900000000000	-0.000599179000000000
219.321630000000	0.627895000000000	-0.000598670000000000
219.988300000000	0.606734000000000	-0.000598527000000000
220.654970000000	0.586424000000000	-0.000598812000000000
221.321630000000	0.566941000000000	-0.000598103000000000
221.988300000000	0.548087000000000	-0.000599126000000000
222.655000000000	0.529907000000000	-0.000598308000000000
223.321600000000	0.512353000000000	-0.000598714000000000
223.988300000000	0.495352000000000	-0.000599154000000000
224.655000000000	0.479158000000000	-0.000598925000000000
225.321600000000	0.463163000000000	-0.000598988000000000
225.988300000000	0.447586000000000	-0.000597966000000000
226.655000000000	0.432400000000000	-0.000599302000000000
227.321600000000	0.417593000000000	-0.000598196000000000
227.988300000000	0.403125000000000	-0.000598305000000000
228.655000000000	0.388986000000000	-0.000598608000000000
229.321600000000	0.375109000000000	-0.000599041000000000
229.988300000000	0.361513000000000	-0.000598130000000000
230.655000000000	0.348171000000000	-0.000597874000000000
231.321600000000	0.335081000000000	-0.000598724000000000
231.988300000000	0.322200000000000	-0.000597503000000000
232.655000000000	0.309543000000000	-0.000598280000000000
233.321600000000	0.297077000000000	-0.000598223000000000
233.988300000000	0.284786000000000	-0.000599044000000000
234.655000000000	0.272685000000000	-0.000598617000000000
235.321600000000	0.260727000000000	-0.000598907000000000
235.988300000000	0.248966000000000	-0.000598054000000000
236.655000000000	0.237328000000000	-0.000598228000000000
237.321600000000	0.225808000000000	-0.000598274000000000
237.988300000000	0.214420000000000	-0.000599124000000000
238.655000000000	0.203166000000000	-0.000598890000000000
239.321600000000	0.192012000000000	-0.000599060000000000
239.988300000000	0.180978000000000	-0.000598792000000000
240.655000000000	0.170052000000000	-0.000597892000000000
241.321600000000	0.159236000000000	-0.000598749000000000
241.988300000000	0.148538000000000	-0.000598432000000000
242.655000000000	0.137919000000000	-0.000598322000000000
243.321600000000	0.127418000000000	-0.000598678000000000
243.988300000000	0.117011000000000	-0.000598713000000000
244.655000000000	0.106678000000000	-0.000599096000000000
245.321600000000	0.0964865000000000	-0.000598149000000000
245.988300000000	0.0863799000000000	-0.000598661000000000
246.655000000000	0.0763497000000000	-0.000598789000000000
247.321600000000	0.0664474000000000	-0.000598942000000000
247.988300000000	0.0566463000000000	-0.000598466000000000
248.655000000000	0.0469713000000000	-0.000598571000000000
249.321600000000	0.0373821000000000	-0.000598424000000000
249.988300000000	0.0278926000000000	-0.000598349000000000
250.655000000000	0.0184998000000000	-0.000598382000000000
251.321600000000	0.00920803000000000	-0.000598625000000000
251.985000000000	3.60220000000000e-05	-0.000598005000000000
252.651667000000	0.0819491000000000	0.000601182000000000
253.318330000000	0.0997542000000000	0.000601331000000000
253.985000000000	0.116003000000000	0.000600747000000000
254.651670000000	0.131323000000000	0.000601120000000000
255.318330000000	0.145964000000000	0.000600512000000000
255.985000000000	0.160134000000000	0.000600182000000000
256.651670000000	0.173921000000000	0.000600613000000000
257.318330000000	0.187394000000000	0.000600616000000000
257.985000000000	0.200590000000000	0.000601507000000000
258.651670000000	0.213569000000000	0.000600825000000000
259.318330000000	0.226342000000000	0.000599630000000000
259.985000000000	0.238939000000000	0.000600418000000000
260.651670000000	0.251382000000000	0.000600649000000000
261.318330000000	0.263653000000000	0.000599969000000000
261.985000000000	0.275818000000000	0.000600544000000000
262.651700000000	0.287873000000000	0.000600548000000000
263.318300000000	0.299824000000000	0.000601664000000000
263.985000000000	0.311686000000000	0.000601485000000000
264.651700000000	0.323467000000000	0.000600350000000000
265.318300000000	0.335185000000000	0.000601208000000000
265.985000000000	0.346827000000000	0.000600525000000000
266.651700000000	0.358407000000000	0.000600580000000000
267.318300000000	0.369974000000000	0.000601324000000000
267.985000000000	0.381454000000000	0.000601574000000000
268.651700000000	0.392923000000000	0.000601391000000000
269.318300000000	0.404359000000000	0.000600473000000000
269.985000000000	0.415740000000000	0.000601138000000000
270.651700000000	0.427119000000000	0.000600672000000000
271.318300000000	0.438495000000000	0.000600947000000000
271.985000000000	0.449812000000000	0.000600819000000000
272.651700000000	0.461124000000000	0.000600445000000000
273.318300000000	0.472439000000000	0.000600659000000000
273.985000000000	0.483727000000000	0.000601725000000000
274.651700000000	0.495003000000000	0.000600705000000000
275.318300000000	0.506299000000000	0.000600651000000000
275.985000000000	0.517575000000000	0.000600313000000000
276.651700000000	0.528840000000000	0.000601160000000000
277.318300000000	0.539791000000000	0.000600458000000000
277.985000000000	0.551086000000000	0.000600505000000000
278.651700000000	0.562274000000000	0.000600520000000000
279.318300000000	0.573562000000000	0.000602292000000000
279.985000000000	0.584790000000000	0.000600926000000000
280.651700000000	0.596029000000000	0.000600753000000000
281.318300000000	0.607186000000000	0.000601170000000000
281.985000000000	0.618434000000000	0.000601283000000000
282.651700000000	0.629554000000000	0.000601677000000000
283.318300000000	0.640668000000000	0.000601352000000000
283.985000000000	0.651694000000000	0.000600443000000000
284.651700000000	0.662713000000000	0.000600485000000000
285.318300000000	0.673662000000000	0.000601398000000000
285.985000000000	0.684534000000000	0.000600563000000000
286.651700000000	0.695306000000000	0.000600532000000000
287.318300000000	0.705985000000000	0.000600330000000000
287.985000000000	0.716560000000000	0.000600883000000000
288.651700000000	0.727038000000000	0.000600644000000000
289.318300000000	0.737330000000000	0.000600915000000000
289.985000000000	0.747536000000000	0.000601220000000000
290.651700000000	0.757559000000000	0.000601206000000000
291.318300000000	0.767438000000000	0.000600704000000000
291.985000000000	0.777169000000000	0.000600222000000000
292.651700000000	0.786723000000000	0.000601104000000000
293.318300000000	0.796086000000000	0.000600368000000000
293.985000000000	0.805264000000000	0.000600468000000000
294.651700000000	0.814227000000000	0.000600530000000000
295.318300000000	0.823056000000000	0.000600602000000000
295.985000000000	0.831638000000000	0.000600862000000000
296.651700000000	0.839979000000000	0.000600791000000000
297.318300000000	0.848194000000000	0.000600906000000000
297.985000000000	0.856119000000000	0.000600618000000000
298.651700000000	0.863851000000000	0.000600864000000000
299.318300000000	0.871418000000000	0.000601477000000000
299.985000000000	0.878644000000000	0.000600792000000000
300.651700000000	0.885719000000000	0.000601421000000000
301.318300000000	0.892478000000000	0.000599792000000000
301.985000000000	0.899015000000000	0.000601248000000000
302.651700000000	0.905296000000000	0.000600905000000000
303.318300000000	0.911352000000000	0.000600789000000000
303.985000000000	0.917177000000000	0.000601068000000000
304.651700000000	0.922818000000000	0.000600978000000000
305.318300000000	0.928177000000000	0.000602161000000000
305.985000000000	0.933291000000000	0.000600669000000000
306.651700000000	0.938156000000000	0.000600463000000000
307.318300000000	0.942845000000000	0.000601113000000000
307.985000000000	0.947358000000000	0.000600605000000000
308.651700000000	0.951599000000000	0.000601241000000000
309.318300000000	0.955632000000000	0.000600743000000000
309.985000000000	0.959491000000000	0.000601168000000000
310.651700000000	0.963184000000000	0.000601003000000000
311.318300000000	0.966692000000000	0.000601436000000000
311.985000000000	0.970072000000000	0.000601452000000000
312.651700000000	0.973355000000000	0.000601621000000000
313.318300000000	0.976431000000000	0.000600657000000000
313.985000000000	0.979371000000000	0.000600788000000000
314.651700000000	0.982248000000000	0.000601612000000000
315.318300000000	0.984939000000000	0.000601500000000000
315.985000000000	0.987539000000000	0.000601215000000000
316.651700000000	0.990056000000000	0.000600458000000000
317.318300000000	0.992437000000000	0.000600941000000000
317.985000000000	0.994792000000000	0.000601490000000000
318.651700000000	0.996996000000000	0.000600761000000000
319.318300000000	0.999121000000000	0.000600250000000000
319.983267000000	0.916179000000000	-0.000598448000000000
320.649930000000	0.877524000000000	-0.000598643000000000
321.316600000000	0.843219000000000	-0.000598753000000000
321.983270000000	0.811561000000000	-0.000598838000000000
322.649930000000	0.781740000000000	-0.000599276000000000
323.316600000000	0.753491000000000	-0.000599687000000000
323.983270000000	0.726689000000000	-0.000599703000000000
324.649930000000	0.701089000000000	-0.000598828000000000
325.316600000000	0.676714000000000	-0.000599001000000000
325.983270000000	0.653362000000000	-0.000598524000000000
326.649930000000	0.630992000000000	-0.000598436000000000
327.316600000000	0.609497000000000	-0.000599081000000000
327.983270000000	0.588924000000000	-0.000598728000000000
328.649930000000	0.569080000000000	-0.000598230000000000
329.316600000000	0.549952000000000	-0.000599261000000000
329.983300000000	0.531504000000000	-0.000598760000000000
330.649900000000	0.513665000000000	-0.000598678000000000
331.316600000000	0.496394000000000	-0.000598328000000000
331.983300000000	0.479983000000000	-0.000599160000000000
332.649900000000	0.463735000000000	-0.000598568000000000
333.316600000000	0.447925000000000	-0.000598804000000000
333.983300000000	0.432506000000000	-0.000599073000000000
334.649900000000	0.417470000000000	-0.000598090000000000
335.316600000000	0.402777000000000	-0.000598637000000000
335.983300000000	0.388370000000000	-0.000598881000000000
336.649900000000	0.374286000000000	-0.000598455000000000
337.316600000000	0.360480000000000	-0.000598700000000000
337.983300000000	0.346912000000000	-0.000599010000000000
338.649900000000	0.333607000000000	-0.000598416000000000
339.316600000000	0.320518000000000	-0.000598968000000000
339.983300000000	0.307638000000000	-0.000598425000000000
340.649900000000	0.294956000000000	-0.000598833000000000
341.316600000000	0.282452000000000	-0.000598969000000000
341.983300000000	0.270151000000000	-0.000599927000000000
342.649900000000	0.258001000000000	-0.000598882000000000
343.316600000000	0.246006000000000	-0.000598822000000000
343.983300000000	0.234167000000000	-0.000598826000000000
344.649900000000	0.222453000000000	-0.000598349000000000
345.316600000000	0.210874000000000	-0.000599126000000000
345.983300000000	0.199422000000000	-0.000598590000000000
346.649900000000	0.188086000000000	-0.000598221000000000
347.316600000000	0.176852000000000	-0.000598801000000000
347.983300000000	0.165736000000000	-0.000598370000000000
348.649900000000	0.154749000000000	-0.000598608000000000
349.316600000000	0.143858000000000	-0.000598535000000000
349.983300000000	0.133058000000000	-0.000598132000000000
350.649900000000	0.122383000000000	-0.000598465000000000
351.316600000000	0.111790000000000	-0.000598799000000000
351.983300000000	0.101327000000000	-0.000598473000000000
352.649900000000	0.0909467000000000	-0.000599037000000000
353.316600000000	0.0806742000000000	-0.000598651000000000
353.983300000000	0.0705342000000000	-0.000599743000000000
354.649900000000	0.0604878000000000	-0.000598835000000000
355.316600000000	0.0505559000000000	-0.000598184000000000
355.983300000000	0.0407793000000000	-0.000598640000000000
356.649900000000	0.0310748000000000	-0.000598968000000000
357.316600000000	0.0214943000000000	-0.000598923000000000
357.983300000000	0.0120347000000000	-0.000598844000000000
358.649900000000	0.00267664000000000	-0.000598451000000000
359.304967000000	0.0734945000000000	0.000601213000000000
359.971630000000	0.0920032000000000	0.000601352000000000
360.638300000000	0.108575000000000	0.000600751000000000
361.304970000000	0.124073000000000	0.000601065000000000
361.971630000000	0.138893000000000	0.000601127000000000
362.638300000000	0.153198000000000	0.000600524000000000
363.304970000000	0.167084000000000	0.000600834000000000
363.971630000000	0.180643000000000	0.000600022000000000
364.638300000000	0.193928000000000	0.000600700000000000
365.304970000000	0.206985000000000	0.000600238000000000
365.971630000000	0.219820000000000	0.000601824000000000
366.638300000000	0.232497000000000	0.000600816000000000
367.304970000000	0.244988000000000	0.000601460000000000
367.971630000000	0.257334000000000	0.000601482000000000
368.638300000000	0.269564000000000	0.000601910000000000
369.305000000000	0.281675000000000	0.000600468000000000
369.971600000000	0.293697000000000	0.000600780000000000
370.638300000000	0.305598000000000	0.000600269000000000
371.305000000000	0.317453000000000	0.000600901000000000
371.971600000000	0.329214000000000	0.000600346000000000
372.638300000000	0.340916000000000	0.000600238000000000
373.305000000000	0.352540000000000	0.000600944000000000
373.971600000000	0.364146000000000	0.000600934000000000
374.638300000000	0.375693000000000	0.000600771000000000
375.305000000000	0.387208000000000	0.000601368000000000
375.971600000000	0.398681000000000	0.000600877000000000
376.638300000000	0.410152000000000	0.000600353000000000
377.305000000000	0.421562000000000	0.000600184000000000
377.971600000000	0.432961000000000	0.000601084000000000
378.638300000000	0.444367000000000	0.000600993000000000
379.305000000000	0.455743000000000	0.000601249000000000
379.971600000000	0.467111000000000	0.000601363000000000
380.638300000000	0.478463000000000	0.000601267000000000
381.305000000000	0.489830000000000	0.000600625000000000
381.971600000000	0.501166000000000	0.000600720000000000
382.638300000000	0.512507000000000	0.000600830000000000
383.305000000000	0.523846000000000	0.000600755000000000
383.971600000000	0.534890000000000	0.000601307000000000
384.638300000000	0.546253000000000	0.000601125000000000
385.305000000000	0.557606000000000	0.000601107000000000
385.971600000000	0.568962000000000	0.000600999000000000
386.638300000000	0.580291000000000	0.000600194000000000
387.305000000000	0.591703000000000	0.000600835000000000
387.971600000000	0.603012000000000	0.000600790000000000
388.638300000000	0.614368000000000	0.000601257000000000
389.305000000000	0.625619000000000	0.000600299000000000
389.971600000000	0.636866000000000	0.000600887000000000
390.638300000000	0.648160000000000	0.000600998000000000
391.305000000000	0.659331000000000	0.000601120000000000
391.971600000000	0.670440000000000	0.000601102000000000
392.638300000000	0.681490000000000	0.000601700000000000
393.305000000000	0.692480000000000	0.000600986000000000
393.971600000000	0.703408000000000	0.000600874000000000
394.638300000000	0.714160000000000	0.000600949000000000
395.305000000000	0.724946000000000	0.000601025000000000
395.971600000000	0.735488000000000	0.000600280000000000
396.638300000000	0.745945000000000	0.000600214000000000
397.305000000000	0.756357000000000	0.000600323000000000
397.971600000000	0.766516000000000	0.000600420000000000
398.638300000000	0.776611000000000	0.000600933000000000
399.305000000000	0.786503000000000	0.000600726000000000
399.971600000000	0.796248000000000	0.000600415000000000
400.638300000000	0.805811000000000	0.000601187000000000
401.305000000000	0.815148000000000	0.000600442000000000
401.971600000000	0.824376000000000	0.000600464000000000
402.638300000000	0.833333000000000	0.000601029000000000
403.305000000000	0.842095000000000	0.000600467000000000
403.971600000000	0.850641000000000	0.000601084000000000
404.638300000000	0.858944000000000	0.000600229000000000
405.305000000000	0.867091000000000	0.000600747000000000
405.971600000000	0.874926000000000	0.000600954000000000
406.638300000000	0.882511000000000	0.000600578000000000
407.305000000000	0.889905000000000	0.000600728000000000
407.971600000000	0.897027000000000	0.000600615000000000
408.638300000000	0.903833000000000	0.000600646000000000
409.305000000000	0.910490000000000	0.000601037000000000
409.971600000000	0.916809000000000	0.000601037000000000
410.638300000000	0.922941000000000	0.000600022000000000
411.305000000000	0.928790000000000	0.000600653000000000
411.971600000000	0.934359000000000	0.000601132000000000
412.638300000000	0.939632000000000	0.000600820000000000
413.305000000000	0.944716000000000	0.000601040000000000
413.971600000000	0.949609000000000	0.000601220000000000
414.638300000000	0.954150000000000	0.000600667000000000
415.305000000000	0.958548000000000	0.000600710000000000
415.971600000000	0.962736000000000	0.000600770000000000
416.638300000000	0.966684000000000	0.000600956000000000
417.305000000000	0.970464000000000	0.000601243000000000
417.971600000000	0.974115000000000	0.000601061000000000
418.638300000000	0.977555000000000	0.000600279000000000
419.305000000000	0.980830000000000	0.000601640000000000
419.971600000000	0.983946000000000	0.000600749000000000
420.638300000000	0.986907000000000	0.000600643000000000
421.305000000000	0.989730000000000	0.000601062000000000
421.971600000000	0.992462000000000	0.000600411000000000
422.638300000000	0.995045000000000	0.000600899000000000
423.305000000000	0.997495000000000	0.000600694000000000
423.971600000000	0.999905000000000	0.000600630000000000
424.635000000000	0.901820000000000	-0.000598661000000000
425.301670000000	0.865204000000000	-0.000598674000000000
425.968330000000	0.831940000000000	-0.000599357000000000
426.635000000000	0.800812000000000	-0.000598660000000000
427.301670000000	0.771365000000000	-0.000598651000000000
427.968330000000	0.743457000000000	-0.000599140000000000
428.635000000000	0.716886000000000	-0.000598197000000000
429.301670000000	0.691551000000000	-0.000598743000000000
429.968330000000	0.667319000000000	-0.000599105000000000
430.635000000000	0.644133000000000	-0.000599203000000000
431.301670000000	0.621918000000000	-0.000599292000000000
431.968330000000	0.600597000000000	-0.000598553000000000
432.635000000000	0.580106000000000	-0.000597720000000000
433.301670000000	0.560369000000000	-0.000597918000000000
433.968300000000	0.541449000000000	-0.000599071000000000
434.635000000000	0.523094000000000	-0.000598665000000000
435.301700000000	0.505339000000000	-0.000599060000000000
435.968300000000	0.488177000000000	-0.000598446000000000
436.635000000000	0.471796000000000	-0.000598658000000000
437.301700000000	0.455579000000000	-0.000599046000000000
437.968300000000	0.439803000000000	-0.000598977000000000
438.635000000000	0.424394000000000	-0.000599243000000000
439.301700000000	0.409371000000000	-0.000598521000000000
439.968300000000	0.394660000000000	-0.000599329000000000
440.635000000000	0.380266000000000	-0.000598768000000000
441.301700000000	0.366146000000000	-0.000598889000000000
441.968300000000	0.352325000000000	-0.000598141000000000
442.635000000000	0.338750000000000	-0.000598791000000000
443.301700000000	0.325404000000000	-0.000598567000000000
443.968300000000	0.312276000000000	-0.000598672000000000
444.635000000000	0.299368000000000	-0.000598575000000000
445.301700000000	0.286657000000000	-0.000598151000000000
445.968300000000	0.274125000000000	-0.000599010000000000
446.635000000000	0.261763000000000	-0.000598293000000000
447.301700000000	0.249569000000000	-0.000599216000000000
447.968300000000	0.237512000000000	-0.000599133000000000
448.635000000000	0.225611000000000	-0.000598690000000000
449.301700000000	0.213855000000000	-0.000599019000000000
449.968300000000	0.202224000000000	-0.000599049000000000
450.635000000000	0.190711000000000	-0.000597987000000000
451.301700000000	0.179306000000000	-0.000598312000000000
451.968300000000	0.168016000000000	-0.000598682000000000
452.635000000000	0.156872000000000	-0.000598748000000000
453.301700000000	0.145818000000000	-0.000598759000000000
453.968300000000	0.134861000000000	-0.000598640000000000
454.635000000000	0.124029000000000	-0.000598311000000000
455.301700000000	0.113296000000000	-0.000598819000000000
455.968300000000	0.102664000000000	-0.000598633000000000
456.635000000000	0.0921499000000000	-0.000598356000000000
457.301700000000	0.0817452000000000	-0.000597703000000000
457.968300000000	0.0714561000000000	-0.000598760000000000
458.635000000000	0.0612749000000000	-0.000599221000000000
459.301700000000	0.0512207000000000	-0.000599222000000000
459.968300000000	0.0413164000000000	-0.000598775000000000
460.635000000000	0.0315224000000000	-0.000598700000000000
461.301700000000	0.0218275000000000	-0.000599162000000000
461.968300000000	0.0122681000000000	-0.000598679000000000
462.635000000000	0.00283699000000000	-0.000598973000000000
463.299967000000	0.0718320000000000	0.000600457000000000
463.966630000000	0.0902864000000000	0.000600955000000000
464.633300000000	0.106813000000000	0.000600527000000000
465.299970000000	0.122296000000000	0.000600560000000000
465.966630000000	0.137094000000000	0.000599923000000000
466.633300000000	0.151385000000000	0.000600357000000000
467.299970000000	0.165267000000000	0.000601233000000000
467.966630000000	0.178828000000000	0.000601189000000000
468.633300000000	0.192124000000000	0.000600991000000000
469.299970000000	0.205185000000000	0.000600793000000000
469.966630000000	0.218053000000000	0.000600183000000000
470.633300000000	0.230734000000000	0.000600997000000000
471.299970000000	0.243256000000000	0.000601409000000000
471.966630000000	0.255646000000000	0.000601758000000000
472.633300000000	0.267907000000000	0.000601141000000000
473.300000000000	0.280051000000000	0.000601334000000000
473.966600000000	0.292096000000000	0.000601721000000000
474.633300000000	0.304040000000000	0.000600204000000000
475.300000000000	0.315925000000000	0.000600552000000000
475.966600000000	0.327712000000000	0.000601395000000000
476.633300000000	0.339431000000000	0.000601002000000000
477.300000000000	0.351111000000000	0.000601680000000000
477.966600000000	0.362734000000000	0.000601573000000000
478.633300000000	0.374324000000000	0.000601107000000000
479.300000000000	0.385847000000000	0.000600899000000000
479.966600000000	0.397378000000000	0.000599951000000000
480.633300000000	0.408867000000000	0.000600767000000000
481.300000000000	0.420311000000000	0.000600731000000000
481.966600000000	0.431744000000000	0.000600131000000000
482.633300000000	0.443168000000000	0.000600465000000000
483.300000000000	0.454591000000000	0.000599683000000000
483.966600000000	0.466009000000000	0.000600255000000000
484.633300000000	0.477399000000000	0.000600806000000000
485.300000000000	0.488777000000000	0.000600829000000000
485.966600000000	0.500181000000000	0.000601245000000000
486.633300000000	0.511569000000000	0.000600883000000000
487.300000000000	0.522988000000000	0.000601689000000000
487.966600000000	0.534076000000000	0.000601054000000000
488.633300000000	0.545480000000000	0.000600710000000000
489.300000000000	0.556887000000000	0.000600977000000000
489.966600000000	0.568321000000000	0.000601093000000000
490.633300000000	0.579684000000000	0.000600218000000000
491.300000000000	0.591151000000000	0.000601601000000000
491.966600000000	0.602494000000000	0.000600187000000000
492.633300000000	0.613907000000000	0.000601555000000000
493.300000000000	0.625330000000000	0.000600769000000000
493.966600000000	0.636672000000000	0.000600911000000000
494.633300000000	0.648032000000000	0.000601045000000000
495.300000000000	0.659296000000000	0.000600984000000000
495.966600000000	0.670549000000000	0.000601402000000000
496.633300000000	0.681751000000000	0.000600398000000000
497.300000000000	0.692880000000000	0.000600123000000000
497.966600000000	0.703909000000000	0.000600503000000000
498.633300000000	0.714829000000000	0.000600106000000000
86171.0466700000	0.183343000000000	0.000601582000000000
86171.7133300000	0.196896000000000	0.000600628000000000
86172.3800000000	0.210288000000000	0.000601124000000000
86173.0466700000	0.223544000000000	0.000601724000000000
86173.7133300000	0.236694000000000	0.000601014000000000
86174.3800000000	0.249724000000000	0.000601329000000000
86175.0467000000	0.262666000000000	0.000600338000000000
86175.7133000000	0.275547000000000	0.000600392000000000
86176.3800000000	0.288342000000000	0.000599366000000000
86177.0467000000	0.301100000000000	0.000600860000000000
86177.7133000000	0.313802000000000	0.000600913000000000
86178.3800000000	0.326457000000000	0.000601915000000000
86179.0467000000	0.339086000000000	0.000600241000000000
86179.7133000000	0.351701000000000	0.000601167000000000
86180.3800000000	0.364287000000000	0.000600820000000000
86181.0467000000	0.376888000000000	0.000601612000000000
86181.7133000000	0.389476000000000	0.000601072000000000
86182.3800000000	0.402082000000000	0.000600756000000000
86183.0467000000	0.414693000000000	0.000600590000000000
86183.7133000000	0.427338000000000	0.000601316000000000
86184.3800000000	0.439999000000000	0.000599745000000000
86185.0467000000	0.452696000000000	0.000600705000000000
86185.7133000000	0.465450000000000	0.000601132000000000
86186.3800000000	0.478220000000000	0.000600069000000000
86187.0467000000	0.491045000000000	0.000601434000000000
86187.7133000000	0.503910000000000	0.000600087000000000
86188.3800000000	0.516842000000000	0.000601545000000000
86189.0467000000	0.529818000000000	0.000599469000000000
86189.7133000000	0.542604000000000	0.000600571000000000
86190.3800000000	0.555651000000000	0.000601096000000000
86191.0467000000	0.568827000000000	0.000600810000000000
86191.7133000000	0.581978000000000	0.000600739000000000
86192.3800000000	0.595241000000000	0.000600740000000000
86193.0467000000	0.608484000000000	0.000601349000000000
86193.7133000000	0.621870000000000	0.000601508000000000
86194.3800000000	0.635152000000000	0.000600480000000000
86195.0467000000	0.648544000000000	0.000600745000000000
86195.7133000000	0.661922000000000	0.000601250000000000
86196.3800000000	0.675360000000000	0.000600878000000000
86197.0467000000	0.688682000000000	0.000600467000000000
86197.7133000000	0.702065000000000	0.000600407000000000
86198.3800000000	0.715352000000000	0.000601508000000000
86199.0467000000	0.728708000000000	0.000599998000000000
86199.7133000000	0.741974000000000	0.000600579000000000
86200.3800000000	0.755100000000000	0.000600399000000000
86201.0467000000	0.768153000000000	0.000600787000000000
86201.7133000000	0.781104000000000	0.000600686000000000
86202.3800000000	0.793896000000000	0.000600006000000000
86203.0467000000	0.806478000000000	0.000600826000000000
86203.7133000000	0.818900000000000	0.000600134000000000
86204.3800000000	0.831085000000000	0.000600453000000000
86205.0467000000	0.842987000000000	0.000600909000000000
86205.7133000000	0.854715000000000	0.000599885000000000
86206.3800000000	0.866109000000000	0.000601127000000000
86207.0467000000	0.877243000000000	0.000600811000000000
86207.7133000000	0.888030000000000	0.000600358000000000
86208.3800000000	0.898472000000000	0.000601667000000000
86209.0467000000	0.908611000000000	0.000600320000000000
86209.7133000000	0.918352000000000	0.000601314000000000
86210.3800000000	0.927843000000000	0.000600262000000000
86211.0467000000	0.936834000000000	0.000600861000000000
86211.7133000000	0.945498000000000	0.000600482000000000
86212.3800000000	0.953840000000000	0.000600780000000000
86213.0467000000	0.961773000000000	0.000600840000000000
86213.7133000000	0.969343000000000	0.000600103000000000
86214.3800000000	0.976631000000000	0.000601663000000000
86215.0467000000	0.983525000000000	0.000600389000000000
86215.7133000000	0.990061000000000	0.000601206000000000
86216.3800000000	0.996267000000000	0.000600903000000000
86217.0333330000	0.934807000000000	-0.000598881000000000
86217.7000000000	0.890496000000000	-0.000598634000000000
86218.3666700000	0.849911000000000	-0.000598464000000000
86219.0333300000	0.811541000000000	-0.000598858000000000
86219.7000000000	0.775184000000000	-0.000600271000000000
86220.3666700000	0.740830000000000	-0.000597877000000000
86221.0333300000	0.708441000000000	-0.000599375000000000
86221.7000000000	0.677997000000000	-0.000597402000000000
86222.3666700000	0.649225000000000	-0.000598621000000000
86223.0333300000	0.622050000000000	-0.000598687000000000
86223.7000000000	0.596226000000000	-0.000599365000000000
86224.3666700000	0.571711000000000	-0.000598759000000000
86225.0333300000	0.548310000000000	-0.000599494000000000
86225.7000000000	0.525907000000000	-0.000598416000000000
86226.3667000000	0.504344000000000	-0.000599099000000000
86227.0333000000	0.483965000000000	-0.000598953000000000
86227.7000000000	0.463961000000000	-0.000599014000000000
86228.3667000000	0.444612000000000	-0.000599192000000000
86229.0333000000	0.425858000000000	-0.000598351000000000
86229.7000000000	0.407619000000000	-0.000599034000000000
86230.3667000000	0.389894000000000	-0.000598791000000000
86231.0333000000	0.372594000000000	-0.000598416000000000
86231.7000000000	0.355702000000000	-0.000599136000000000
86232.3667000000	0.339193000000000	-0.000598940000000000
86233.0333000000	0.323016000000000	-0.000599163000000000
86233.7000000000	0.307166000000000	-0.000597286000000000
86234.3667000000	0.291617000000000	-0.000598773000000000
86235.0333000000	0.276336000000000	-0.000599230000000000
86235.7000000000	0.261302000000000	-0.000598352000000000
86236.3667000000	0.246534000000000	-0.000599289000000000
86237.0333000000	0.231988000000000	-0.000598590000000000
86237.7000000000	0.217663000000000	-0.000599289000000000
86238.3667000000	0.203554000000000	-0.000597937000000000
86239.0333000000	0.189647000000000	-0.000598266000000000
86239.7000000000	0.175955000000000	-0.000599714000000000
86240.3667000000	0.162455000000000	-0.000598015000000000
86241.0333000000	0.149147000000000	-0.000597861000000000
86241.7000000000	0.136033000000000	-0.000598721000000000
86242.3667000000	0.123111000000000	-0.000597910000000000
86243.0333000000	0.110383000000000	-0.000599107000000000
86243.7000000000	0.0978448000000000	-0.000598144000000000
86244.3667000000	0.0854897000000000	-0.000598870000000000
86245.0333000000	0.0733307000000000	-0.000598520000000000
86245.7000000000	0.0613622000000000	-0.000598583000000000
86246.3667000000	0.0495834000000000	-0.000599176000000000
86247.0333000000	0.0380207000000000	-0.000598731000000000
86247.7000000000	0.0266270000000000	-0.000598110000000000
86248.3667000000	0.0154248000000000	-0.000599501000000000
86249.0333000000	0.00441529000000000	-0.000598308000000000
86249.7000000000	0.0555494000000000	0.000600366000000000
86250.3666700000	0.0735493000000000	0.000601198000000000
86251.0333300000	0.0898618000000000	0.000601427000000000
86251.7000000000	0.105360000000000	0.000599907000000000
86252.3666700000	0.120310000000000	0.000600767000000000
86253.0333300000	0.134863000000000	0.000600461000000000
86253.7000000000	0.149119000000000	0.000600679000000000
86254.3666700000	0.163107000000000	0.000600665000000000
86255.0333300000	0.176891000000000	0.000600027000000000
86255.7000000000	0.190488000000000	0.000599415000000000
86256.3666700000	0.203929000000000	0.000600481000000000
86257.0333300000	0.217228000000000	0.000600930000000000
86257.7000000000	0.230404000000000	0.000600535000000000
86258.3666700000	0.243472000000000	0.000600157000000000
86259.0333000000	0.256439000000000	0.000600556000000000
86259.7000000000	0.269334000000000	0.000600227000000000
86260.3667000000	0.282157000000000	0.000601029000000000
86261.0333000000	0.294912000000000	0.000600888000000000
86261.7000000000	0.307609000000000	0.000601108000000000
86262.3667000000	0.320274000000000	0.000599976000000000
86263.0333000000	0.332909000000000	0.000600688000000000
86263.7000000000	0.345507000000000	0.000601916000000000
86264.3667000000	0.358105000000000	0.000600480000000000
86265.0333000000	0.370689000000000	0.000600181000000000
86265.7000000000	0.383265000000000	0.000599887000000000
86266.3667000000	0.395850000000000	0.000600518000000000
86267.0333000000	0.408451000000000	0.000600891000000000
86267.7000000000	0.421078000000000	0.000601363000000000
86268.3667000000	0.433716000000000	0.000600614000000000
86269.0333000000	0.446391000000000	0.000601511000000000
86269.7000000000	0.459097000000000	0.000600374000000000
86270.3667000000	0.471848000000000	0.000600274000000000
86271.0333000000	0.484642000000000	0.000600342000000000
86271.7000000000	0.497487000000000	0.000601360000000000
86272.3667000000	0.510372000000000	0.000600370000000000
86273.0333000000	0.523322000000000	0.000600786000000000
86273.7000000000	0.536004000000000	0.000600353000000000
86274.3667000000	0.549099000000000	0.000600793000000000
86275.0333000000	0.562169000000000	0.000600368000000000
86275.7000000000	0.575383000000000	0.000600960000000000
86276.3667000000	0.588625000000000	0.000601037000000000
86277.0333000000	0.601838000000000	0.000600233000000000
86277.7000000000	0.615166000000000	0.000600105000000000
86278.3667000000	0.628475000000000	0.000600894000000000
86279.0333000000	0.641849000000000	0.000601169000000000
86279.7000000000	0.655202000000000	0.000600328000000000
86280.3667000000	0.668639000000000	0.000600130000000000
86281.0333000000	0.681968000000000	0.000601457000000000
86281.7000000000	0.695333000000000	0.000601295000000000
86282.3667000000	0.708661000000000	0.000600487000000000
86283.0333000000	0.722017000000000	0.000601944000000000
86283.7000000000	0.735259000000000	0.000600669000000000
86284.3667000000	0.748468000000000	0.000600567000000000
86285.0333000000	0.761559000000000	0.000600405000000000
86285.7000000000	0.774548000000000	0.000599567000000000
86286.3667000000	0.787400000000000	0.000600539000000000
86287.0333000000	0.800130000000000	0.000600771000000000
86287.7000000000	0.812589000000000	0.000601866000000000
86288.3667000000	0.824938000000000	0.000601064000000000
86289.0333000000	0.836968000000000	0.000599775000000000
86289.7000000000	0.848821000000000	0.000601467000000000
86290.3667000000	0.860361000000000	0.000600221000000000
86291.0333000000	0.871601000000000	0.000601544000000000
86291.7000000000	0.882536000000000	0.000600873000000000
86292.3667000000	0.893147000000000	0.000599874000000000
86293.0333000000	0.903392000000000	0.000599950000000000
86293.7000000000	0.913364000000000	0.000601326000000000
86294.3667000000	0.922998000000000	0.000600726000000000
86295.0333000000	0.932182000000000	0.000600356000000000
86295.7000000000	0.941049000000000	0.000600098000000000
86296.3667000000	0.949560000000000	0.000600815000000000
86297.0333000000	0.957690000000000	0.000601065000000000
86297.7000000000	0.965464000000000	0.000600394000000000
86298.3667000000	0.972892000000000	0.000600147000000000
86299.0333000000	0.979959000000000	0.000601162000000000
86299.7000000000	0.986680000000000	0.000600884000000000
86300.3667000000	0.993056000000000	0.000601386000000000
86301.0333000000	0.999137000000000	0.000600860000000000
86301.7033330000	0.912813000000000	-0.000597938000000000
86302.3700000000	0.870775000000000	-0.000598361000000000
86303.0366700000	0.831306000000000	-0.000598860000000000
86303.7033300000	0.793947000000000	-0.000598053000000000
86304.3700000000	0.758507000000000	-0.000598632000000000
86305.0366700000	0.725153000000000	-0.000598969000000000
86305.7033300000	0.693688000000000	-0.000599050000000000
86306.3700000000	0.664006000000000	-0.000598823000000000
86307.0366700000	0.636028000000000	-0.000599302000000000
86307.7033300000	0.609533000000000	-0.000599153000000000
86308.3700000000	0.584376000000000	-0.000599028000000000
86309.0366700000	0.560399000000000	-0.000599870000000000
86309.7033300000	0.537545000000000	-0.000599246000000000
86310.3700000000	0.515542000000000	-0.000598728000000000
86311.0367000000	0.494407000000000	-0.000598838000000000
86311.7033000000	0.474352000000000	-0.000598741000000000
86312.3700000000	0.454660000000000	-0.000599707000000000
86313.0367000000	0.435601000000000	-0.000599302000000000
86313.7033000000	0.417091000000000	-0.000599092000000000
86314.3700000000	0.399113000000000	-0.000598549000000000
86315.0367000000	0.381589000000000	-0.000598815000000000
86315.7033000000	0.364497000000000	-0.000599368000000000
86316.3700000000	0.347791000000000	-0.000599158000000000
86317.0367000000	0.331448000000000	-0.000598513000000000
86317.7033000000	0.315440000000000	-0.000599312000000000
86318.3700000000	0.299739000000000	-0.000598391000000000
86319.0367000000	0.284315000000000	-0.000599816000000000
86319.7033000000	0.269156000000000	-0.000598627000000000
86320.3700000000	0.254255000000000	-0.000599237000000000
86321.0367000000	0.239596000000000	-0.000598840000000000
86321.7033000000	0.225151000000000	-0.000598816000000000
86322.3700000000	0.210937000000000	-0.000599019000000000
86323.0367000000	0.196926000000000	-0.000598692000000000
86323.7033000000	0.183120000000000	-0.000599737000000000
86324.3700000000	0.169517000000000	-0.000599789000000000
86325.0367000000	0.156114000000000	-0.000598226000000000
86325.7033000000	0.142897000000000	-0.000597016000000000
86326.3700000000	0.129877000000000	-0.000598679000000000
86327.0367000000	0.117039000000000	-0.000599196000000000
86327.7033000000	0.104397000000000	-0.000599496000000000
86328.3700000000	0.0919427000000000	-0.000599094000000000
86329.0367000000	0.0796883000000000	-0.000597286000000000
86329.7033000000	0.0676166000000000	-0.000598792000000000
86330.3700000000	0.0557358000000000	-0.000597980000000000
86331.0367000000	0.0440773000000000	-0.000599121000000000
86331.7033000000	0.0325750000000000	-0.000598666000000000
86332.3700000000	0.0212666000000000	-0.000598916000000000
86333.0367000000	0.0101528000000000	-0.000598165000000000
86333.6900000000	0.0424674000000000	0.000599956000000000
86334.3566670000	0.0632913000000000	0.000600798000000000
86335.0233300000	0.0804599000000000	0.000600745000000000
86335.6900000000	0.0964306000000000	0.000601057000000000
86336.3566700000	0.111715000000000	0.000601007000000000
86337.0233300000	0.126530000000000	0.000600833000000000
86337.6900000000	0.140983000000000	0.000600803000000000
86338.3566700000	0.155153000000000	0.000601314000000000
86339.0233300000	0.169064000000000	0.000600921000000000
86339.6900000000	0.182793000000000	0.000600461000000000
86340.3566700000	0.196343000000000	0.000600687000000000
86341.0233300000	0.209739000000000	0.000599810000000000
86341.6900000000	0.222991000000000	0.000600143000000000
86342.3566700000	0.236142000000000	0.000600596000000000
86343.0233300000	0.249180000000000	0.000600518000000000
86343.6900000000	0.262127000000000	0.000601016000000000
86344.3567000000	0.274999000000000	0.000601293000000000
86345.0233000000	0.287800000000000	0.000601019000000000
86345.6900000000	0.300547000000000	0.000601012000000000
86346.3567000000	0.313235000000000	0.000600982000000000
86347.0233000000	0.325897000000000	0.000601187000000000
86347.6900000000	0.338530000000000	0.000601861000000000
86348.3567000000	0.351128000000000	0.000600853000000000
86349.0233000000	0.363727000000000	0.000601256000000000
86349.6900000000	0.376305000000000	0.000598795000000000
86350.3567000000	0.388895000000000	0.000600173000000000
86351.0233000000	0.401499000000000	0.000600646000000000
86351.6900000000	0.414103000000000	0.000600208000000000
86352.3567000000	0.426718000000000	0.000601054000000000
86353.0233000000	0.439369000000000	0.000600319000000000
86353.6900000000	0.452056000000000	0.000600564000000000
86354.3567000000	0.464776000000000	0.000599743000000000
86355.0233000000	0.477537000000000	0.000600562000000000
86355.6900000000	0.490366000000000	0.000600044000000000
86356.3567000000	0.503233000000000	0.000601768000000000
86357.0233000000	0.516148000000000	0.000600890000000000
86357.6900000000	0.529129000000000	0.000600452000000000
86358.3567000000	0.541925000000000	0.000601138000000000
86359.0233000000	0.554947000000000	0.000600290000000000
86359.6900000000	0.568108000000000	0.000601764000000000
86360.3567000000	0.581258000000000	0.000600356000000000
86361.0233000000	0.594521000000000	0.000600703000000000
86361.6900000000	0.607771000000000	0.000601006000000000
86362.3567000000	0.621141000000000	0.000601517000000000
86363.0233000000	0.634427000000000	0.000600305000000000
86363.6900000000	0.647816000000000	0.000601023000000000
86364.3567000000	0.661158000000000	0.000600974000000000
86365.0233000000	0.674581000000000	0.000601219000000000
86365.6900000000	0.687938000000000	0.000600292000000000
86366.3567000000	0.701326000000000	0.000600590000000000
86367.0233000000	0.714609000000000	0.000600500000000000
86367.6900000000	0.727955000000000	0.000600986000000000
86368.3567000000	0.741142000000000	0.000600908000000000
86369.0233000000	0.754328000000000	0.000600189000000000
86369.6900000000	0.767414000000000	0.000600775000000000
86370.3567000000	0.780366000000000	0.000600136000000000
86371.0233000000	0.793196000000000	0.000600355000000000
86371.6900000000	0.805742000000000	0.000600944000000000
86372.3567000000	0.818188000000000	0.000599659000000000
86373.0233000000	0.830381000000000	0.000600543000000000
86373.6900000000	0.842319000000000	0.000599333000000000
86374.3567000000	0.854052000000000	0.000600125000000000
86375.0233000000	0.865455000000000	0.000599648000000000
86375.6900000000	0.876590000000000	0.000600349000000000
86376.3567000000	0.887411000000000	0.000601410000000000
86377.0233000000	0.897881000000000	0.000600469000000000
86377.6900000000	0.908000000000000	0.000601386000000000
86378.3567000000	0.917781000000000	0.000600715000000000
86379.0233000000	0.927279000000000	0.000599899000000000
86379.6900000000	0.936326000000000	0.000600157000000000
86380.3567000000	0.944968000000000	0.000601287000000000
86381.0233000000	0.953356000000000	0.000599921000000000
86381.6900000000	0.961324000000000	0.000600286000000000
86382.3567000000	0.968885000000000	0.000599709000000000
86383.0233000000	0.976166000000000	0.000600538000000000
86383.6900000000	0.983059000000000	0.000601270000000000
86384.3567000000	0.989643000000000	0.000601657000000000
86385.0233000000	0.995883000000000	0.000599526000000000
86385.6933330000	0.937809000000000	-0.000598872000000000
86386.3600000000	0.893059000000000	-0.000598783000000000
86387.0266700000	0.852359000000000	-0.000599225000000000
86387.6933300000	0.813861000000000	-0.000598713000000000
86388.3600000000	0.777407000000000	-0.000599513000000000
86389.0266700000	0.742956000000000	-0.000598125000000000
86389.6933300000	0.710449000000000	-0.000599490000000000
86390.3600000000	0.679846000000000	-0.000598038000000000
86391.0266700000	0.650962000000000	-0.000599063000000000
86391.6933300000	0.623712000000000	-0.000599040000000000
86392.3600000000	0.597820000000000	-0.000599007000000000
86393.0266700000	0.573216000000000	-0.000599530000000000
86393.6933300000	0.549742000000000	-0.000598587000000000
86394.3600000000	0.527266000000000	-0.000598424000000000
86395.0267000000	0.505652000000000	-0.000598139000000000
86395.6933000000	0.485228000000000	-0.000598879000000000
86396.3600000000	0.465186000000000	-0.000599073000000000
86397.0267000000	0.445801000000000	-0.000599199000000000
86397.6933000000	0.427005000000000	-0.000599205000000000
86398.3600000000	0.408750000000000	-0.000599581000000000
86399.0267000000	0.390984000000000	-0.000599594000000000
86399.6933000000	0.373668000000000	-0.000598224000000000
86400.3600000000	0.356757000000000	-0.000599463000000000
86401.0267000000	0.340217000000000	-0.000598829000000000
86401.6933000000	0.324025000000000	-0.000598783000000000
86402.3600000000	0.308156000000000	-0.000599062000000000
86403.0267000000	0.292580000000000	-0.000599425000000000
86403.6933000000	0.277285000000000	-0.000599377000000000
86404.3600000000	0.262243000000000	-0.000599732000000000
86405.0267000000	0.247453000000000	-0.000599428000000000
86405.6933000000	0.232898000000000	-0.000599058000000000
86406.3600000000	0.218551000000000	-0.000598873000000000
86407.0267000000	0.204431000000000	-0.000598573000000000
86407.6933000000	0.190511000000000	-0.000598925000000000
86408.3600000000	0.176787000000000	-0.000599807000000000
86409.0267000000	0.163275000000000	-0.000598643000000000
86409.6933000000	0.149959000000000	-0.000599566000000000
86410.3600000000	0.136828000000000	-0.000598601000000000
86411.0267000000	0.123898000000000	-0.000598670000000000
86411.6933000000	0.111152000000000	-0.000599649000000000
86412.3600000000	0.0985904000000000	-0.000599126000000000
86413.0267000000	0.0862223000000000	-0.000598765000000000
86413.6933000000	0.0740520000000000	-0.000598976000000000
86414.3600000000	0.0620779000000000	-0.000598547000000000
86415.0267000000	0.0502802000000000	-0.000598989000000000
86415.6933000000	0.0387193000000000	-0.000598600000000000
86416.3600000000	0.0273093000000000	-0.000599585000000000
86417.0267000000	0.0160942000000000	-0.000598623000000000
86417.6933000000	0.00506919000000000	-0.000599434000000000
86418.3600000000	0.0532682000000000	0.000600399000000000
86419.0266700000	0.0716143000000000	0.000600549000000000
86419.6933300000	0.0881351000000000	0.000600515000000000
86420.3600000000	0.103750000000000	0.000600327000000000
86421.0266700000	0.118809000000000	0.000601074000000000
86421.6933300000	0.133439000000000	0.000601227000000000
86422.3600000000	0.147746000000000	0.000600171000000000
86423.0266700000	0.161797000000000	0.000600797000000000
86423.6933300000	0.175619000000000	0.000600829000000000
86424.3600000000	0.189262000000000	0.000599771000000000
86425.0266700000	0.202744000000000	0.000600801000000000
86425.6933300000	0.216071000000000	0.000600065000000000
86426.3600000000	0.229277000000000	0.000600373000000000
86427.0266700000	0.242365000000000	0.000600214000000000
86427.6933000000	0.255356000000000	0.000600791000000000
86428.3600000000	0.268266000000000	0.000601317000000000
86429.0267000000	0.281090000000000	0.000600578000000000
86429.6933000000	0.293876000000000	0.000600118000000000
86430.3600000000	0.306593000000000	0.000600505000000000
86431.0267000000	0.319269000000000	0.000600636000000000
86431.6933000000	0.331906000000000	0.000600647000000000
86432.3600000000	0.344530000000000	0.000601166000000000
86433.0267000000	0.357133000000000	0.000600716000000000
86433.6933000000	0.369723000000000	0.000600439000000000
86434.3600000000	0.382315000000000	0.000600873000000000
86435.0267000000	0.394911000000000	0.000601091000000000
86435.6933000000	0.407523000000000	0.000600597000000000
86436.3600000000	0.420137000000000	0.000600445000000000
86437.0267000000	0.432790000000000	0.000601158000000000
86437.6933000000	0.445465000000000	0.000601925000000000
86438.3600000000	0.458177000000000	0.000601014000000000
86439.0267000000	0.470935000000000	0.000599676000000000
86439.6933000000	0.483732000000000	0.000600314000000000
86440.3600000000	0.496577000000000	0.000600559000000000
86441.0267000000	0.509473000000000	0.000600082000000000
86441.6933000000	0.522431000000000	0.000600233000000000
86442.3600000000	0.535157000000000	0.000600880000000000
86443.0267000000	0.548202000000000	0.000600301000000000
86443.6933000000	0.561296000000000	0.000601237000000000
86444.3600000000	0.574481000000000	0.000600713000000000
86445.0267000000	0.587695000000000	0.000600295000000000
86445.6933000000	0.600979000000000	0.000599693000000000
86446.3600000000	0.614342000000000	0.000601700000000000
86447.0267000000	0.627620000000000	0.000600507000000000
86447.6933000000	0.640986000000000	0.000599940000000000
86448.3600000000	0.654361000000000	0.000600651000000000
86449.0267000000	0.667758000000000	0.000601133000000000
86449.6933000000	0.681146000000000	0.000600253000000000
86450.3600000000	0.694556000000000	0.000600628000000000
86451.0267000000	0.707863000000000	0.000601975000000000
86451.6933000000	0.721217000000000	0.000599731000000000
86452.3600000000	0.734478000000000	0.000600777000000000
86453.0267000000	0.747683000000000	0.000599825000000000
86453.6933000000	0.760801000000000	0.000601164000000000
86454.3600000000	0.773822000000000	0.000600433000000000
86455.0267000000	0.786683000000000	0.000599531000000000
86455.6933000000	0.799404000000000	0.000600382000000000
86456.3600000000	0.811909000000000	0.000600310000000000
86457.0267000000	0.824246000000000	0.000600895000000000
86457.6933000000	0.836317000000000	0.000601488000000000
86458.3600000000	0.848164000000000	0.000599867000000000
86459.0267000000	0.859749000000000	0.000601135000000000
86459.6933000000	0.871057000000000	0.000601245000000000
86460.3600000000	0.881984000000000	0.000601227000000000
86461.0267000000	0.892645000000000	0.000600561000000000
86461.6933000000	0.903001000000000	0.000600120000000000
86462.3600000000	0.912944000000000	0.000601246000000000
86463.0267000000	0.922626000000000	0.000600948000000000
86463.6933000000	0.931878000000000	0.000600589000000000
86464.3600000000	0.940740000000000	0.000600779000000000
86465.0267000000	0.949276000000000	0.000600331000000000
86465.6933000000	0.957402000000000	0.000600491000000000
86466.3600000000	0.965193000000000	0.000601301000000000
86467.0267000000	0.972676000000000	0.000600831000000000
86467.6933000000	0.979753000000000	0.000601582000000000
86468.3600000000	0.986469000000000	0.000600577000000000
86469.0267000000	0.992863000000000	0.000599516000000000
86469.6933000000	0.998984000000000	0.000600837000000000
86470.3466670000	0.914594000000000	-0.000598916000000000
86471.0133300000	0.872459000000000	-0.000598909000000000
86471.6800000000	0.832892000000000	-0.000599118000000000
86472.3466700000	0.795470000000000	-0.000598670000000000
86473.0133300000	0.759984000000000	-0.000598945000000000
86473.6800000000	0.726532000000000	-0.000599168000000000
86474.3466700000	0.694996000000000	-0.000598516000000000
86475.0133300000	0.665310000000000	-0.000598821000000000
86475.6800000000	0.637207000000000	-0.000599171000000000
86476.3466700000	0.610633000000000	-0.000599413000000000
86477.0133300000	0.585452000000000	-0.000599089000000000
86477.6800000000	0.561409000000000	-0.000598325000000000
86478.3466700000	0.538524000000000	-0.000598634000000000
86479.0133300000	0.516526000000000	-0.000599110000000000
86479.6800000000	0.495336000000000	-0.000599919000000000
86480.3467000000	0.475246000000000	-0.000599138000000000
86481.0133000000	0.455530000000000	-0.000598901000000000
86481.6800000000	0.436444000000000	-0.000599616000000000
86482.3467000000	0.417926000000000	-0.000598726000000000
86483.0133000000	0.399928000000000	-0.000599549000000000
86483.6800000000	0.382388000000000	-0.000599301000000000
86484.3467000000	0.365285000000000	-0.000599093000000000
86485.0133000000	0.348576000000000	-0.000598455000000000
86485.6800000000	0.332221000000000	-0.000600116000000000
86486.3467000000	0.316204000000000	-0.000599112000000000
86487.0133000000	0.300495000000000	-0.000598342000000000
86487.6800000000	0.285066000000000	-0.000597885000000000
86488.3467000000	0.269898000000000	-0.000599797000000000
86489.0133000000	0.254983000000000	-0.000598015000000000
86489.6800000000	0.240308000000000	-0.000599095000000000
86490.3467000000	0.225867000000000	-0.000598837000000000
86491.0133000000	0.211640000000000	-0.000598587000000000
86491.6800000000	0.197608000000000	-0.000599796000000000
86492.3467000000	0.183796000000000	-0.000598397000000000
86493.0133000000	0.170181000000000	-0.000598995000000000
86493.6800000000	0.156771000000000	-0.000598588000000000
86494.3467000000	0.143543000000000	-0.000598703000000000
86495.0133000000	0.130513000000000	-0.000598984000000000
86495.6800000000	0.117674000000000	-0.000598754000000000
86496.3467000000	0.105020000000000	-0.000599931000000000
86497.0133000000	0.0925668000000000	-0.000599833000000000
86497.6800000000	0.0803057000000000	-0.000597931000000000
86498.3467000000	0.0682197000000000	-0.000599453000000000
86499.0133000000	0.0563258000000000	-0.000599000000000000
86499.6800000000	0.0446577000000000	-0.000597981000000000
86500.3467000000	0.0331532000000000	-0.000597196000000000
86501.0133000000	0.0218369000000000	-0.000599175000000000
86501.6800000000	0.0107163000000000	-0.000598770000000000
86502.3533330000	0.0409196000000000	0.000600344000000000
86503.0200000000	0.0624108000000000	0.000600740000000000
86503.6866700000	0.0796816000000000	0.000601061000000000
86504.3533300000	0.0957071000000000	0.000600052000000000
86505.0200000000	0.111037000000000	0.000600713000000000
86505.6866700000	0.125871000000000	0.000599573000000000
86506.3533300000	0.140351000000000	0.000601223000000000
86507.0200000000	0.154538000000000	0.000600282000000000
86507.6866700000	0.168459000000000	0.000599914000000000
86508.3533300000	0.182199000000000	0.000599945000000000
86509.0200000000	0.195759000000000	0.000601535000000000
86509.6866700000	0.209173000000000	0.000599828000000000
86510.3533300000	0.222431000000000	0.000599666000000000
86511.0200000000	0.235587000000000	0.000600064000000000
86511.6866700000	0.248630000000000	0.000601815000000000
86512.3533000000	0.261584000000000	0.000600850000000000
86513.0200000000	0.274465000000000	0.000601662000000000
86513.6867000000	0.287262000000000	0.000601113000000000
86514.3533000000	0.300019000000000	0.000599949000000000
86515.0200000000	0.312718000000000	0.000600465000000000
86515.6867000000	0.325378000000000	0.000600598000000000
86516.3533000000	0.338011000000000	0.000600156000000000
86517.0200000000	0.350621000000000	0.000600704000000000
86517.6867000000	0.363221000000000	0.000600676000000000
86518.3533000000	0.375810000000000	0.000600039000000000
86519.0200000000	0.388402000000000	0.000599452000000000
86519.6867000000	0.401016000000000	0.000600849000000000
86520.3533000000	0.413633000000000	0.000600215000000000
86521.0200000000	0.426282000000000	0.000599411000000000
86521.6867000000	0.438955000000000	0.000600979000000000
86522.3533000000	0.451647000000000	0.000601013000000000
86523.0200000000	0.464387000000000	0.000600595000000000
86523.6867000000	0.477162000000000	0.000601235000000000
86524.3533000000	0.489993000000000	0.000601617000000000
86525.0200000000	0.502863000000000	0.000599808000000000
86525.6867000000	0.515799000000000	0.000601000000000000
86526.3533000000	0.528778000000000	0.000600733000000000
86527.0200000000	0.541528000000000	0.000600454000000000
86527.6867000000	0.554625000000000	0.000601148000000000
86528.3533000000	0.567776000000000	0.000602073000000000
86529.0200000000	0.580946000000000	0.000600345000000000
86529.6867000000	0.594191000000000	0.000600955000000000
86530.3533000000	0.607455000000000	0.000600679000000000
86531.0200000000	0.620831000000000	0.000599825000000000
86531.6867000000	0.634145000000000	0.000600550000000000
86532.3533000000	0.647503000000000	0.000601662000000000
86533.0200000000	0.660877000000000	0.000600374000000000
86533.6867000000	0.674298000000000	0.000601365000000000
86534.3533000000	0.687661000000000	0.000600264000000000
86535.0200000000	0.701069000000000	0.000600272000000000
86535.6867000000	0.714383000000000	0.000600940000000000
86536.3533000000	0.727729000000000	0.000600482000000000
86537.0200000000	0.740937000000000	0.000600547000000000
86537.6867000000	0.754088000000000	0.000601047000000000
86538.3533000000	0.767179000000000	0.000600661000000000
86539.0200000000	0.780143000000000	0.000599260000000000
86539.6867000000	0.792957000000000	0.000600260000000000
86540.3533000000	0.805568000000000	0.000601568000000000
86541.0200000000	0.817959000000000	0.000600728000000000
86541.6867000000	0.830202000000000	0.000600886000000000
86542.3533000000	0.842141000000000	0.000600403000000000
86543.0200000000	0.853896000000000	0.000599754000000000
86543.6867000000	0.865301000000000	0.000602376000000000
86544.3533000000	0.876472000000000	0.000599719000000000
86545.0200000000	0.887258000000000	0.000600532000000000
86545.6867000000	0.897748000000000	0.000599932000000000
86546.3533000000	0.907897000000000	0.000601300000000000
86547.0200000000	0.917664000000000	0.000601969000000000
86547.6867000000	0.927184000000000	0.000601645000000000
86548.3533000000	0.936237000000000	0.000601292000000000
86549.0200000000	0.944911000000000	0.000599369000000000
86549.6867000000	0.953278000000000	0.000601873000000000
86550.3533000000	0.961254000000000	0.000601428000000000
86551.0200000000	0.968825000000000	0.000601263000000000
86551.6867000000	0.976130000000000	0.000600630000000000
86552.3533000000	0.983054000000000	0.000601431000000000
86553.0200000000	0.989600000000000	0.000599988000000000
86553.6867000000	0.995836000000000	0.000600211000000000
86554.3433330000	0.937797000000000	-0.000599136000000000
86555.0100000000	0.893054000000000	-0.000598548000000000
86555.6766700000	0.852355000000000	-0.000599003000000000
86556.3433300000	0.813890000000000	-0.000599468000000000
86557.0100000000	0.777418000000000	-0.000599448000000000
86557.6766700000	0.742955000000000	-0.000598485000000000
86558.3433300000	0.710438000000000	-0.000598780000000000
86559.0100000000	0.679865000000000	-0.000599187000000000
86559.6766700000	0.650992000000000	-0.000598359000000000
86560.3433300000	0.623703000000000	-0.000598779000000000
86561.0100000000	0.597819000000000	-0.000598420000000000
86561.6766700000	0.573255000000000	-0.000599763000000000
86562.3433300000	0.549775000000000	-0.000597832000000000
86563.0100000000	0.527319000000000	-0.000598870000000000
86563.6767000000	0.505727000000000	-0.000598476000000000
86564.3433000000	0.485273000000000	-0.000597989000000000
86565.0100000000	0.465225000000000	-0.000598864000000000
86565.6767000000	0.445841000000000	-0.000598035000000000
86566.3433000000	0.427038000000000	-0.000598223000000000
86567.0100000000	0.408776000000000	-0.000597512000000000
86567.6767000000	0.391006000000000	-0.000599336000000000
86568.3433000000	0.373690000000000	-0.000599540000000000
86569.0100000000	0.356778000000000	-0.000598878000000000
86569.6767000000	0.340239000000000	-0.000598591000000000
86570.3433000000	0.324052000000000	-0.000598541000000000
86571.0100000000	0.308177000000000	-0.000598004000000000
86571.6767000000	0.292602000000000	-0.000599448000000000
86572.3433000000	0.277306000000000	-0.000599175000000000
86573.0100000000	0.262271000000000	-0.000599179000000000
86573.6767000000	0.247480000000000	-0.000598566000000000
86574.3433000000	0.232923000000000	-0.000598402000000000
86575.0100000000	0.218580000000000	-0.000598150000000000
86575.6767000000	0.204457000000000	-0.000599044000000000
86576.3433000000	0.190537000000000	-0.000598436000000000
86577.0100000000	0.176814000000000	-0.000598433000000000
86577.6767000000	0.163309000000000	-0.000598603000000000
86578.3433000000	0.149993000000000	-0.000599129000000000
86579.0100000000	0.136859000000000	-0.000598093000000000
86579.6767000000	0.123934000000000	-0.000598709000000000
86580.3433000000	0.111192000000000	-0.000598103000000000
86581.0100000000	0.0986385000000000	-0.000598841000000000
86581.6767000000	0.0862800000000000	-0.000598496000000000
86582.3433000000	0.0741079000000000	-0.000598697000000000
86583.0100000000	0.0621319000000000	-0.000597907000000000
86583.6767000000	0.0503295000000000	-0.000600393000000000
86584.3433000000	0.0387622000000000	-0.000598746000000000
86585.0100000000	0.0273525000000000	-0.000598110000000000
86585.6767000000	0.0161392000000000	-0.000598231000000000
86586.3433000000	0.00510905000000000	-0.000598974000000000
86587.0066670000	0.0528611000000000	0.000601605000000000
86587.6733300000	0.0712654000000000	0.000600564000000000
86588.3400000000	0.0878034000000000	0.000601393000000000
86589.0066700000	0.103444000000000	0.000600303000000000
86589.6733300000	0.118500000000000	0.000600574000000000
86590.3400000000	0.133144000000000	0.000601541000000000
86591.0066700000	0.147454000000000	0.000600800000000000
86591.6733300000	0.161512000000000	0.000601536000000000
86592.3400000000	0.175338000000000	0.000600272000000000
86593.0066700000	0.188983000000000	0.000600982000000000
86593.6733300000	0.202454000000000	0.000601268000000000
86594.3400000000	0.215798000000000	0.000600358000000000
86595.0066700000	0.229004000000000	0.000600597000000000
86595.6733300000	0.242102000000000	0.000601346000000000
86596.3400000000	0.255088000000000	0.000599973000000000
86597.0067000000	0.268005000000000	0.000600779000000000
86597.6733000000	0.280833000000000	0.000600103000000000
86598.3400000000	0.293612000000000	0.000600037000000000
86599.0067000000	0.306336000000000	0.000600838000000000
86599.6733000000	0.319013000000000	0.000600502000000000
86600.3400000000	0.331655000000000	0.000600945000000000
86601.0067000000	0.344269000000000	0.000601425000000000
86601.6733000000	0.356874000000000	0.000600786000000000
86602.3400000000	0.369478000000000	0.000600939000000000
86603.0067000000	0.382070000000000	0.000600413000000000
86603.6733000000	0.394659000000000	0.000600560000000000
86604.3400000000	0.407264000000000	0.000601189000000000
86605.0067000000	0.419880000000000	0.000600597000000000
86605.6733000000	0.432532000000000	0.000600723000000000
86606.3400000000	0.445204000000000	0.000599779000000000
86607.0067000000	0.457917000000000	0.000600169000000000
86607.6733000000	0.470670000000000	0.000600458000000000
86608.3400000000	0.483459000000000	0.000598627000000000
86609.0067000000	0.496309000000000	0.000600478000000000
86609.6733000000	0.509204000000000	0.000601637000000000
86610.3400000000	0.522150000000000	0.000600275000000000
86611.0067000000	0.534863000000000	0.000600796000000000
86611.6733000000	0.547954000000000	0.000601327000000000
86612.3400000000	0.561016000000000	0.000600422000000000
86613.0067000000	0.574195000000000	0.000599929000000000
86613.6733000000	0.587380000000000	0.000600486000000000
86614.3400000000	0.600645000000000	0.000601401000000000
86615.0067000000	0.613970000000000	0.000600644000000000
86615.6733000000	0.627356000000000	0.000602581000000000
86616.3400000000	0.640728000000000	0.000601429000000000
86617.0067000000	0.654079000000000	0.000600144000000000
86617.6733000000	0.667488000000000	0.000600797000000000
86618.3400000000	0.680872000000000	0.000600843000000000
86619.0067000000	0.694252000000000	0.000600466000000000
86619.6733000000	0.707572000000000	0.000600989000000000
86620.3400000000	0.720937000000000	0.000600431000000000
86621.0067000000	0.734198000000000	0.000600573000000000
86621.6733000000	0.747406000000000	0.000601221000000000
86622.3400000000	0.760518000000000	0.000601836000000000
86623.0067000000	0.773526000000000	0.000600246000000000
86623.6733000000	0.786395000000000	0.000600351000000000
86624.3400000000	0.799141000000000	0.000600825000000000
86625.0067000000	0.811648000000000	0.000601523000000000
86625.6733000000	0.823982000000000	0.000600438000000000
86626.3400000000	0.836064000000000	0.000600193000000000
86627.0067000000	0.847955000000000	0.000599935000000000
86627.6733000000	0.859508000000000	0.000600154000000000
86628.3400000000	0.870847000000000	0.000601447000000000
86629.0067000000	0.881816000000000	0.000601964000000000
86629.6733000000	0.892488000000000	0.000599647000000000
86630.3400000000	0.902800000000000	0.000600466000000000
86631.0067000000	0.912755000000000	0.000600950000000000
86631.6733000000	0.922466000000000	0.000600142000000000
86632.3400000000	0.931718000000000	0.000600440000000000
86633.0067000000	0.940597000000000	0.000600526000000000
86633.6733000000	0.949137000000000	0.000600490000000000
86634.3400000000	0.957294000000000	0.000600141000000000
86635.0067000000	0.965076000000000	0.000600991000000000
86635.6733000000	0.972556000000000	0.000601011000000000
86636.3400000000	0.979610000000000	0.000599310000000000
86637.0067000000	0.986346000000000	0.000600233000000000
86637.6733000000	0.992740000000000	0.000600803000000000
86638.3400000000	0.998849000000000	0.000600317000000000
86638.9933330000	0.913186000000000	-0.000599321000000000
86639.6600000000	0.871141000000000	-0.000598453000000000
86640.3266700000	0.831635000000000	-0.000598755000000000
86640.9933300000	0.794269000000000	-0.000598382000000000
86641.6600000000	0.758831000000000	-0.000599357000000000
86642.3266700000	0.725438000000000	-0.000598270000000000
86642.9933300000	0.693953000000000	-0.000598943000000000
86643.6600000000	0.664237000000000	-0.000599811000000000
86644.3266700000	0.636240000000000	-0.000598471000000000
86644.9933300000	0.609706000000000	-0.000598159000000000
86645.6600000000	0.584541000000000	-0.000598016000000000
86646.3266700000	0.560546000000000	-0.000598667000000000
86646.9933300000	0.537679000000000	-0.000599706000000000
86647.6600000000	0.515686000000000	-0.000599929000000000
86648.3267000000	0.494518000000000	-0.000598347000000000
86648.9933000000	0.474454000000000	-0.000599670000000000
86649.6600000000	0.454747000000000	-0.000598420000000000
86650.3267000000	0.435676000000000	-0.000599024000000000
86650.9933000000	0.417164000000000	-0.000597918000000000
86651.6600000000	0.399153000000000	-0.000597936000000000
86652.3267000000	0.381623000000000	-0.000598949000000000
86652.9933000000	0.364520000000000	-0.000599467000000000
86653.6600000000	0.347793000000000	-0.000599119000000000
86654.3267000000	0.331442000000000	-0.000598893000000000
86654.9933000000	0.315421000000000	-0.000599087000000000
86655.6600000000	0.299711000000000	-0.000598280000000000
86656.3267000000	0.284274000000000	-0.000598015000000000
86656.9933000000	0.269115000000000	-0.000599167000000000
86657.6600000000	0.254207000000000	-0.000599196000000000
86658.3267000000	0.239553000000000	-0.000600138000000000
86658.9933000000	0.225114000000000	-0.000598431000000000
86659.6600000000	0.210890000000000	-0.000599118000000000
86660.3267000000	0.196875000000000	-0.000598633000000000
86660.9933000000	0.183070000000000	-0.000598727000000000
86661.6600000000	0.169469000000000	-0.000597025000000000
86662.3267000000	0.156058000000000	-0.000599272000000000
86662.9933000000	0.142841000000000	-0.000598581000000000
86663.6600000000	0.129813000000000	-0.000597758000000000
86664.3267000000	0.116980000000000	-0.000599452000000000
86664.9933000000	0.104349000000000	-0.000598548000000000
86665.6600000000	0.0918948000000000	-0.000598779000000000
86666.3267000000	0.0796401000000000	-0.000599120000000000
86666.9933000000	0.0675705000000000	-0.000598904000000000
86667.6600000000	0.0556815000000000	-0.000599174000000000
86668.3267000000	0.0440228000000000	-0.000598783000000000
86668.9933000000	0.0325279000000000	-0.000598404000000000
86669.6600000000	0.0212240000000000	-0.000598966000000000
86670.3267000000	0.0101129000000000	-0.000599153000000000