Time	Voltage	Current
0.0133330000000000	0.452899000000000	0.000601845000000000
0.680000000000000	0.483630000000000	0.000600799000000000
1.34667000000000	0.510742000000000	0.000601793000000000
2.01333000000000	0.536593000000000	0.000600319000000000
2.68000000000000	0.561629000000000	0.000600465000000000
3.34667000000000	0.585672000000000	0.000601849000000000
4.01333000000000	0.608491000000000	0.000600744000000000
4.68000000000000	0.630189000000000	0.000601172000000000
5.34667000000000	0.650501000000000	0.000600733000000000
6.01333000000000	0.669440000000000	0.000600404000000000
6.68000000000000	0.686763000000000	0.000600964000000000
7.34667000000000	0.702686000000000	0.000601035000000000
8.01333000000000	0.717247000000000	0.000601362000000000
8.68000000000000	0.730665000000000	0.000600246000000000
9.34667000000000	0.743157000000000	0.000600998000000000
10.0133000000000	0.754895000000000	0.000601207000000000
10.6800000000000	0.766020000000000	0.000600471000000000
11.3467000000000	0.776638000000000	0.000600611000000000
12.0133000000000	0.786842000000000	0.000600611000000000
12.6800000000000	0.796727000000000	0.000600610000000000
13.3467000000000	0.806232000000000	0.000600915000000000
14.0133000000000	0.815418000000000	0.000599712000000000
14.6800000000000	0.824355000000000	0.000600355000000000
15.3467000000000	0.833039000000000	0.000599916000000000
16.0133000000000	0.841450000000000	0.000600572000000000
16.6800000000000	0.849639000000000	0.000600151000000000
17.3467000000000	0.857583000000000	0.000601507000000000
18.0133000000000	0.865335000000000	0.000600607000000000
18.6800000000000	0.872928000000000	0.000600714000000000
19.3467000000000	0.880165000000000	0.000600215000000000
20.0133000000000	0.887289000000000	0.000601758000000000
20.6800000000000	0.894177000000000	0.000599937000000000
21.3467000000000	0.900866000000000	0.000601190000000000
22.0133000000000	0.907351000000000	0.000601001000000000
22.6800000000000	0.913650000000000	0.000601204000000000
23.3467000000000	0.919823000000000	0.000600725000000000
24.0133000000000	0.925820000000000	0.000601308000000000
24.6800000000000	0.931619000000000	0.000600561000000000
25.3467000000000	0.937257000000000	0.000600852000000000
26.0133000000000	0.942795000000000	0.000600650000000000
26.6800000000000	0.948217000000000	0.000600418000000000
27.3467000000000	0.953464000000000	0.000600950000000000
28.0133000000000	0.958561000000000	0.000600018000000000
28.6800000000000	0.963546000000000	0.000600344000000000
29.3467000000000	0.968439000000000	0.000601097000000000
30.0133000000000	0.973311000000000	0.000600993000000000
30.6800000000000	0.978025000000000	0.000600695000000000
31.3467000000000	0.982617000000000	0.000601066000000000
32.0133000000000	0.987095000000000	0.000600376000000000
32.6800000000000	0.991549000000000	0.000600077000000000
33.3467000000000	0.995919000000000	0.000600061000000000
34.0083300000000	0.925378000000000	-0.000598748000000000
34.6749970000000	0.883254000000000	-0.000598341000000000
35.3416600000000	0.847890000000000	-0.000599042000000000
36.0083300000000	0.815131000000000	-0.000598253000000000
36.6750000000000	0.784111000000000	-0.000599033000000000
37.3416600000000	0.754331000000000	-0.000599024000000000
38.0083300000000	0.725575000000000	-0.000599456000000000
38.6750000000000	0.697712000000000	-0.000599216000000000
39.3416600000000	0.670763000000000	-0.000598248000000000
40.0083300000000	0.644486000000000	-0.000599908000000000
40.6750000000000	0.618971000000000	-0.000598817000000000
41.3416600000000	0.594112000000000	-0.000599144000000000
42.0083300000000	0.569895000000000	-0.000599492000000000
42.6750000000000	0.546278000000000	-0.000598822000000000
43.3416600000000	0.523270000000000	-0.000599155000000000
44.0083300000000	0.500830000000000	-0.000598307000000000
44.6750300000000	0.479189000000000	-0.000598750000000000
45.3416300000000	0.457886000000000	-0.000598378000000000
46.0083300000000	0.437075000000000	-0.000599068000000000
46.6750300000000	0.416780000000000	-0.000599024000000000
47.3416300000000	0.396917000000000	-0.000599176000000000
48.0083300000000	0.377457000000000	-0.000599256000000000
48.6750300000000	0.358387000000000	-0.000598689000000000
49.3416300000000	0.339671000000000	-0.000598770000000000
50.0083300000000	0.321252000000000	-0.000599012000000000
50.6750300000000	0.303115000000000	-0.000598907000000000
51.3416300000000	0.285242000000000	-0.000598810000000000
52.0083300000000	0.267628000000000	-0.000599100000000000
52.6750300000000	0.250234000000000	-0.000598964000000000
53.3416300000000	0.233055000000000	-0.000599309000000000
54.0083300000000	0.216073000000000	-0.000599454000000000
54.6750300000000	0.199218000000000	-0.000598839000000000
55.3416300000000	0.182566000000000	-0.000598385000000000
56.0083300000000	0.166027000000000	-0.000598880000000000
56.6750300000000	0.149617000000000	-0.000598635000000000
57.3416300000000	0.133289000000000	-0.000598859000000000
58.0083300000000	0.117121000000000	-0.000598626000000000
58.6750300000000	0.101020000000000	-0.000598644000000000
59.3416300000000	0.0850363000000000	-0.000598391000000000
60.0083300000000	0.0691313000000000	-0.000598412000000000
60.6750300000000	0.0533418000000000	-0.000598396000000000
61.3416300000000	0.0376516000000000	-0.000598731000000000
62.0083300000000	0.0219927000000000	-0.000598879000000000
62.6750300000000	0.00643125000000000	-0.000598720000000000
63.3333370000000	0.100464000000000	0.000600944000000000
64	0.124347000000000	0.000600922000000000
64.6666700000000	0.146760000000000	0.000600603000000000
65.3333400000000	0.168519000000000	0.000600826000000000
66	0.189824000000000	0.000600603000000000
66.6666700000000	0.210798000000000	0.000600750000000000
67.3333400000000	0.231483000000000	0.000600453000000000
68	0.251988000000000	0.000600567000000000
68.6666700000000	0.272319000000000	0.000600863000000000
69.3333400000000	0.292527000000000	0.000600713000000000
70	0.312638000000000	0.000600477000000000
70.6666700000000	0.332679000000000	0.000600660000000000
71.3333400000000	0.352680000000000	0.000600561000000000
72	0.372660000000000	0.000600568000000000
72.6666700000000	0.392659000000000	0.000600780000000000
73.3333700000000	0.412675000000000	0.000600641000000000
73.9999700000000	0.432719000000000	0.000600538000000000
74.6666700000000	0.452874000000000	0.000600795000000000
75.3333700000000	0.473067000000000	0.000600801000000000
75.9999700000000	0.493356000000000	0.000600939000000000
76.6666700000000	0.513756000000000	0.000600762000000000
77.3333700000000	0.534033000000000	0.000600888000000000
77.9999700000000	0.554586000000000	0.000600847000000000
78.6666700000000	0.575203000000000	0.000600709000000000
79.3333700000000	0.595870000000000	0.000600706000000000
79.9999700000000	0.616547000000000	0.000600768000000000
80.6666700000000	0.637167000000000	0.000600840000000000
81.3333700000000	0.657822000000000	0.000601275000000000
81.9999700000000	0.678318000000000	0.000600774000000000
82.6666700000000	0.698643000000000	0.000600355000000000
83.3333700000000	0.718761000000000	0.000600714000000000
83.9999700000000	0.738594000000000	0.000600970000000000
84.6666700000000	0.758149000000000	0.000600671000000000
85.3333700000000	0.777262000000000	0.000600630000000000
85.9999700000000	0.795977000000000	0.000600530000000000
86.6666700000000	0.814132000000000	0.000600854000000000
87.3333700000000	0.831719000000000	0.000601276000000000
87.9999700000000	0.848659000000000	0.000600429000000000
88.6666700000000	0.864925000000000	0.000600897000000000
89.3333700000000	0.880417000000000	0.000601043000000000
89.9999700000000	0.895080000000000	0.000600299000000000
90.6666700000000	0.908965000000000	0.000600718000000000
91.3333700000000	0.921981000000000	0.000600467000000000
91.9999700000000	0.933988000000000	0.000600852000000000
92.6666700000000	0.945113000000000	0.000600448000000000
93.3333700000000	0.955466000000000	0.000601215000000000
93.9999700000000	0.964892000000000	0.000600455000000000
94.6666700000000	0.973646000000000	0.000601220000000000
95.3333700000000	0.981614000000000	0.000600462000000000
95.9999700000000	0.988966000000000	0.000600929000000000
96.6666700000000	0.995722000000000	0.000600753000000000
97.3333670000000	0.911405000000000	-0.000598540000000000
98.0000330000000	0.873538000000000	-0.000598906000000000
98.6667000000000	0.839515000000000	-0.000598600000000000
99.3333700000000	0.807567000000000	-0.000598498000000000
100.000030000000	0.776802000000000	-0.000599025000000000
100.666700000000	0.747170000000000	-0.000598793000000000
101.333370000000	0.718463000000000	-0.000598957000000000
102.000030000000	0.690547000000000	-0.000598697000000000
102.666700000000	0.663519000000000	-0.000599079000000000
103.333370000000	0.637221000000000	-0.000599018000000000
104.000030000000	0.611620000000000	-0.000598812000000000
104.666700000000	0.586757000000000	-0.000599001000000000
105.333370000000	0.562503000000000	-0.000598478000000000
106.000030000000	0.538843000000000	-0.000599063000000000
106.666700000000	0.515781000000000	-0.000598798000000000
107.333400000000	0.493201000000000	-0.000598295000000000
108	0.471414000000000	-0.000599123000000000
108.666700000000	0.449904000000000	-0.000598384000000000
109.333400000000	0.428868000000000	-0.000598841000000000
110	0.408270000000000	-0.000598970000000000
110.666700000000	0.388085000000000	-0.000598546000000000
111.333400000000	0.368276000000000	-0.000598808000000000
112	0.348815000000000	-0.000598607000000000
112.666700000000	0.329652000000000	-0.000598745000000000
113.333400000000	0.310826000000000	-0.000598776000000000
114	0.292261000000000	-0.000599146000000000
114.666700000000	0.273963000000000	-0.000598333000000000
115.333400000000	0.255915000000000	-0.000598567000000000
116	0.238078000000000	-0.000598985000000000
116.666700000000	0.220456000000000	-0.000598561000000000
117.333400000000	0.202988000000000	-0.000598771000000000
118	0.185727000000000	-0.000598840000000000
118.666700000000	0.168597000000000	-0.000599130000000000
119.333400000000	0.151615000000000	-0.000598543000000000
120	0.134792000000000	-0.000598760000000000
120.666700000000	0.118066000000000	-0.000598621000000000
121.333400000000	0.101512000000000	-0.000598549000000000
122	0.0850912000000000	-0.000598588000000000
122.666700000000	0.0687966000000000	-0.000599055000000000
123.333400000000	0.0526531000000000	-0.000598853000000000
124	0.0366745000000000	-0.000598480000000000
124.666700000000	0.0208498000000000	-0.000598569000000000
125.333400000000	0.00517579000000000	-0.000598700000000000
125.990000000000	0.100079000000000	0.000600479000000000
126.656670000000	0.123464000000000	0.000600510000000000
127.323330000000	0.145632000000000	0.000600883000000000
127.990000000000	0.167118000000000	0.000600781000000000
128.656670000000	0.188225000000000	0.000600528000000000
129.323330000000	0.209014000000000	0.000600585000000000
129.990000000000	0.229566000000000	0.000600481000000000
130.656670000000	0.249935000000000	0.000600724000000000
131.323330000000	0.270162000000000	0.000600556000000000
131.990000000000	0.290264000000000	0.000600458000000000
132.656670000000	0.310303000000000	0.000600717000000000
133.323330000000	0.330251000000000	0.000600774000000000
133.990000000000	0.350195000000000	0.000600436000000000
134.656670000000	0.370122000000000	0.000600616000000000
135.323300000000	0.390075000000000	0.000601047000000000
135.990000000000	0.410031000000000	0.000600831000000000
136.656700000000	0.430072000000000	0.000600764000000000
137.323300000000	0.450164000000000	0.000600660000000000
137.990000000000	0.470380000000000	0.000600724000000000
138.656700000000	0.490680000000000	0.000601008000000000
139.323300000000	0.511097000000000	0.000600861000000000
139.990000000000	0.531628000000000	0.000600897000000000
140.656700000000	0.552097000000000	0.000600954000000000
141.323300000000	0.572882000000000	0.000600761000000000
141.990000000000	0.593742000000000	0.000600672000000000
142.656700000000	0.614697000000000	0.000600770000000000
143.323300000000	0.635610000000000	0.000600787000000000
143.990000000000	0.656679000000000	0.000600713000000000
144.656700000000	0.677659000000000	0.000600878000000000
145.323300000000	0.698577000000000	0.000600715000000000
145.990000000000	0.719417000000000	0.000600787000000000
146.656700000000	0.740035000000000	0.000600768000000000
147.323300000000	0.760489000000000	0.000600810000000000
147.990000000000	0.780644000000000	0.000600888000000000
148.656700000000	0.800386000000000	0.000600577000000000
149.323300000000	0.819753000000000	0.000600426000000000
149.990000000000	0.838551000000000	0.000600553000000000
150.656700000000	0.856816000000000	0.000600412000000000
151.323300000000	0.874411000000000	0.000600883000000000
151.990000000000	0.891193000000000	0.000600690000000000
152.656700000000	0.907114000000000	0.000600968000000000
153.323300000000	0.922189000000000	0.000601045000000000
153.990000000000	0.936166000000000	0.000600818000000000
154.656700000000	0.949130000000000	0.000600950000000000
155.323300000000	0.961017000000000	0.000600757000000000
155.990000000000	0.971822000000000	0.000600497000000000
156.656700000000	0.981697000000000	0.000600526000000000
157.323300000000	0.990656000000000	0.000600963000000000
157.990000000000	0.998762000000000	0.000600453000000000
158.653400000000	0.892545000000000	-0.000598632000000000
159.320070000000	0.857323000000000	-0.000598874000000000
159.986730000000	0.824522000000000	-0.000598756000000000
160.653400000000	0.793176000000000	-0.000598770000000000
161.320070000000	0.762813000000000	-0.000598463000000000
161.986730000000	0.733445000000000	-0.000598793000000000
162.653400000000	0.704957000000000	-0.000598601000000000
163.320070000000	0.677311000000000	-0.000598701000000000
163.986730000000	0.650432000000000	-0.000598699000000000
164.653400000000	0.624337000000000	-0.000598823000000000
165.320070000000	0.598914000000000	-0.000598638000000000
165.986730000000	0.574174000000000	-0.000598429000000000
166.653400000000	0.550038000000000	-0.000598563000000000
167.320070000000	0.526495000000000	-0.000598598000000000
167.986700000000	0.503509000000000	-0.000598551000000000
168.653400000000	0.481349000000000	-0.000599058000000000
169.320100000000	0.459448000000000	-0.000598644000000000
169.986700000000	0.438051000000000	-0.000598856000000000
170.653400000000	0.417099000000000	-0.000598843000000000
171.320100000000	0.396556000000000	-0.000598635000000000
171.986700000000	0.376387000000000	-0.000598855000000000
172.653400000000	0.356629000000000	-0.000598913000000000
173.320100000000	0.337168000000000	-0.000598769000000000
173.986700000000	0.318030000000000	-0.000598793000000000
174.653400000000	0.299193000000000	-0.000598981000000000
175.320100000000	0.280579000000000	-0.000598788000000000
175.986700000000	0.262269000000000	-0.000598538000000000
176.653400000000	0.244155000000000	-0.000598767000000000
177.320100000000	0.226291000000000	-0.000598700000000000
177.986700000000	0.208602000000000	-0.000598829000000000
178.653400000000	0.191062000000000	-0.000598758000000000
179.320100000000	0.173695000000000	-0.000598890000000000
179.986700000000	0.156505000000000	-0.000598783000000000
180.653400000000	0.139412000000000	-0.000598533000000000
181.320100000000	0.122494000000000	-0.000598716000000000
181.986700000000	0.105700000000000	-0.000598876000000000
182.653400000000	0.0890646000000000	-0.000598731000000000
183.320100000000	0.0725596000000000	-0.000598632000000000
183.986700000000	0.0561787000000000	-0.000598773000000000
184.653400000000	0.0400225000000000	-0.000599042000000000
185.320100000000	0.0239672000000000	-0.000598887000000000
185.986700000000	0.00809472000000000	-0.000598648000000000
186.645000000000	0.0944906000000000	0.000600733000000000
187.311670000000	0.118218000000000	0.000600649000000000
187.978330000000	0.140459000000000	0.000600896000000000
188.645000000000	0.162052000000000	0.000600750000000000
189.311670000000	0.183175000000000	0.000600692000000000
189.978330000000	0.203998000000000	0.000601025000000000
190.645000000000	0.224602000000000	0.000600637000000000
191.311670000000	0.245018000000000	0.000600733000000000
191.978330000000	0.265283000000000	0.000600927000000000
192.645000000000	0.285436000000000	0.000600753000000000
193.311670000000	0.305519000000000	0.000600553000000000
193.978330000000	0.325505000000000	0.000600818000000000
194.645000000000	0.345502000000000	0.000600871000000000
195.311670000000	0.365487000000000	0.000600678000000000
195.978300000000	0.385485000000000	0.000601029000000000
196.645000000000	0.405529000000000	0.000600796000000000
197.311700000000	0.425602000000000	0.000600754000000000
197.978300000000	0.445775000000000	0.000600610000000000
198.645000000000	0.466048000000000	0.000600761000000000
199.311700000000	0.486464000000000	0.000600801000000000
199.978300000000	0.506953000000000	0.000600592000000000
200.645000000000	0.527609000000000	0.000600556000000000
201.311700000000	0.548208000000000	0.000600725000000000
201.978300000000	0.569158000000000	0.000600677000000000
202.645000000000	0.590198000000000	0.000600665000000000
203.311700000000	0.611304000000000	0.000600307000000000
203.978300000000	0.632550000000000	0.000600550000000000
204.645000000000	0.653861000000000	0.000600728000000000
205.311700000000	0.675195000000000	0.000600548000000000
205.978300000000	0.696446000000000	0.000600751000000000
206.645000000000	0.717704000000000	0.000601175000000000
207.311700000000	0.738761000000000	0.000600721000000000
207.978300000000	0.759743000000000	0.000600831000000000
208.645000000000	0.780462000000000	0.000600726000000000
209.311700000000	0.800864000000000	0.000600699000000000
209.978300000000	0.820884000000000	0.000600707000000000
210.645000000000	0.840380000000000	0.000600729000000000
211.311700000000	0.859350000000000	0.000600961000000000
211.978300000000	0.877675000000000	0.000600542000000000
212.645000000000	0.895201000000000	0.000600665000000000
213.311700000000	0.911931000000000	0.000600754000000000
213.978300000000	0.927646000000000	0.000600330000000000
214.645000000000	0.942260000000000	0.000600530000000000
215.311700000000	0.955767000000000	0.000600898000000000
215.978300000000	0.968098000000000	0.000600665000000000
216.645000000000	0.979320000000000	0.000600775000000000
217.311700000000	0.989483000000000	0.000600712000000000
217.978300000000	0.998616000000000	0.000600793000000000
218.643300000000	0.893729000000000	-0.000598996000000000
219.309970000000	0.858635000000000	-0.000598807000000000
219.976630000000	0.825752000000000	-0.000598852000000000
220.643300000000	0.794280000000000	-0.000598752000000000
221.309970000000	0.763747000000000	-0.000598820000000000
221.976630000000	0.734187000000000	-0.000598723000000000
222.643300000000	0.705517000000000	-0.000598677000000000
223.309970000000	0.677677000000000	-0.000598864000000000
223.976630000000	0.650617000000000	-0.000598848000000000
224.643300000000	0.624337000000000	-0.000598698000000000
225.309970000000	0.598713000000000	-0.000598722000000000
225.976630000000	0.573852000000000	-0.000598728000000000
226.643300000000	0.549578000000000	-0.000598804000000000
227.309970000000	0.525901000000000	-0.000598643000000000
227.976600000000	0.502762000000000	-0.000598792000000000
228.643300000000	0.480439000000000	-0.000598764000000000
229.310000000000	0.458410000000000	-0.000598798000000000
229.976600000000	0.436891000000000	-0.000598659000000000
230.643300000000	0.415798000000000	-0.000598990000000000
231.310000000000	0.395149000000000	-0.000598527000000000
231.976600000000	0.374874000000000	-0.000599027000000000
232.643300000000	0.354984000000000	-0.000598563000000000
233.310000000000	0.335411000000000	-0.000598671000000000
233.976600000000	0.316160000000000	-0.000598680000000000
234.643300000000	0.297178000000000	-0.000598738000000000
235.310000000000	0.278490000000000	-0.000598818000000000
235.976600000000	0.260049000000000	-0.000598671000000000
236.643300000000	0.241841000000000	-0.000599052000000000
237.310000000000	0.223850000000000	-0.000598840000000000
237.976600000000	0.206081000000000	-0.000598644000000000
238.643300000000	0.188462000000000	-0.000598576000000000
239.310000000000	0.170984000000000	-0.000598617000000000
239.976600000000	0.153673000000000	-0.000598831000000000
240.643300000000	0.136509000000000	-0.000598708000000000
241.310000000000	0.119445000000000	-0.000598688000000000
241.976600000000	0.102549000000000	-0.000598917000000000
242.643300000000	0.0857911000000000	-0.000598740000000000
243.310000000000	0.0691946000000000	-0.000598930000000000
243.976600000000	0.0527382000000000	-0.000598522000000000
244.643300000000	0.0364698000000000	-0.000598703000000000
245.310000000000	0.0203472000000000	-0.000598879000000000
245.976600000000	0.00443547000000000	-0.000598521000000000
246.638300000000	0.0995266000000000	0.000600703000000000
247.304970000000	0.122757000000000	0.000600561000000000
247.971630000000	0.144804000000000	0.000600768000000000
248.638300000000	0.166277000000000	0.000600585000000000
249.304970000000	0.187386000000000	0.000600712000000000
249.971630000000	0.208208000000000	0.000600872000000000
250.638300000000	0.228785000000000	0.000600766000000000
251.304970000000	0.249213000000000	0.000600624000000000
251.971630000000	0.269513000000000	0.000600774000000000
252.638300000000	0.289708000000000	0.000600753000000000
253.304970000000	0.309783000000000	0.000600427000000000
253.971630000000	0.329876000000000	0.000600696000000000
254.638300000000	0.349902000000000	0.000600925000000000
255.304970000000	0.369975000000000	0.000600814000000000
255.971600000000	0.390040000000000	0.000600413000000000
256.638300000000	0.410184000000000	0.000600419000000000
257.305000000000	0.430378000000000	0.000600659000000000
257.971600000000	0.450701000000000	0.000600806000000000
258.638300000000	0.471118000000000	0.000600865000000000
259.305000000000	0.491634000000000	0.000601050000000000
259.971600000000	0.512328000000000	0.000600639000000000
260.638300000000	0.533024000000000	0.000601072000000000
261.305000000000	0.553901000000000	0.000600666000000000
261.971600000000	0.575024000000000	0.000600781000000000
262.638300000000	0.596284000000000	0.000600939000000000
263.305000000000	0.617697000000000	0.000600809000000000
263.971600000000	0.639118000000000	0.000600947000000000
264.638300000000	0.660653000000000	0.000600722000000000
265.305000000000	0.682209000000000	0.000600830000000000
265.971600000000	0.703804000000000	0.000600426000000000
266.638300000000	0.725336000000000	0.000600688000000000
267.305000000000	0.746750000000000	0.000600620000000000
267.971600000000	0.767979000000000	0.000600587000000000
268.638300000000	0.788981000000000	0.000600556000000000
269.305000000000	0.809682000000000	0.000600593000000000
269.971600000000	0.829986000000000	0.000600792000000000
270.638300000000	0.849759000000000	0.000600553000000000
271.305000000000	0.868985000000000	0.000600669000000000
271.971600000000	0.887502000000000	0.000600810000000000
272.638300000000	0.905202000000000	0.000600726000000000
273.305000000000	0.922011000000000	0.000600486000000000
273.971600000000	0.937680000000000	0.000600655000000000
274.638300000000	0.952225000000000	0.000600534000000000
275.305000000000	0.965577000000000	0.000600721000000000
275.971600000000	0.977730000000000	0.000600838000000000
276.638300000000	0.988713000000000	0.000600631000000000
277.305000000000	0.998567000000000	0.000600754000000000
277.963400000000	0.894670000000000	-0.000598977000000000
278.630070000000	0.859555000000000	-0.000598744000000000
279.296730000000	0.826673000000000	-0.000598905000000000
279.963400000000	0.795093000000000	-0.000598690000000000
280.630070000000	0.764403000000000	-0.000598915000000000
281.296730000000	0.734664000000000	-0.000598590000000000
281.963400000000	0.705770000000000	-0.000598752000000000
282.630070000000	0.677749000000000	-0.000598721000000000
283.296730000000	0.650503000000000	-0.000598769000000000
283.963400000000	0.624068000000000	-0.000598748000000000
284.630070000000	0.598284000000000	-0.000598852000000000
285.296730000000	0.573283000000000	-0.000598910000000000
285.963400000000	0.548838000000000	-0.000598651000000000
286.630070000000	0.525081000000000	-0.000598733000000000
287.296700000000	0.501844000000000	-0.000598546000000000
287.963400000000	0.479397000000000	-0.000598408000000000
288.630100000000	0.457245000000000	-0.000598628000000000
289.296700000000	0.435569000000000	-0.000598833000000000
289.963400000000	0.414397000000000	-0.000598806000000000
290.630100000000	0.393638000000000	-0.000598695000000000
291.296700000000	0.373276000000000	-0.000598677000000000
291.963400000000	0.353286000000000	-0.000598705000000000
292.630100000000	0.333617000000000	-0.000599008000000000
293.296700000000	0.314283000000000	-0.000598664000000000
293.963400000000	0.295229000000000	-0.000598827000000000
294.630100000000	0.276460000000000	-0.000598705000000000
295.296700000000	0.257922000000000	-0.000598896000000000
295.963400000000	0.239629000000000	-0.000598673000000000
296.630100000000	0.221582000000000	-0.000598745000000000
297.296700000000	0.203699000000000	-0.000598826000000000
297.963400000000	0.186014000000000	-0.000598705000000000
298.630100000000	0.168473000000000	-0.000598484000000000
299.296700000000	0.151075000000000	-0.000598870000000000
299.963400000000	0.133817000000000	-0.000598717000000000
300.630100000000	0.116716000000000	-0.000598882000000000
301.296700000000	0.0997364000000000	-0.000598743000000000
301.963400000000	0.0828902000000000	-0.000598714000000000
302.630100000000	0.0662233000000000	-0.000598615000000000
303.296700000000	0.0496888000000000	-0.000598691000000000
303.963400000000	0.0333629000000000	-0.000598723000000000
304.630100000000	0.0171842000000000	-0.000598780000000000
305.296700000000	0.00119319000000000	-0.000598824000000000
305.955033000000	0.104284000000000	0.000600703000000000
306.621700000000	0.127137000000000	0.000600837000000000
307.288370000000	0.149058000000000	0.000600709000000000
307.955030000000	0.170463000000000	0.000600688000000000
308.621700000000	0.191518000000000	0.000600576000000000
309.288370000000	0.212306000000000	0.000600638000000000
309.955030000000	0.232914000000000	0.000601000000000000
310.621700000000	0.253332000000000	0.000600572000000000
311.288370000000	0.273652000000000	0.000600797000000000
311.955030000000	0.293863000000000	0.000600579000000000
312.621700000000	0.314002000000000	0.000600666000000000
313.288370000000	0.334119000000000	0.000600837000000000
313.955030000000	0.354240000000000	0.000601074000000000
314.621700000000	0.374358000000000	0.000600982000000000
315.288400000000	0.394542000000000	0.000600760000000000
315.955000000000	0.414760000000000	0.000600680000000000
316.621700000000	0.435080000000000	0.000600472000000000
317.288400000000	0.455519000000000	0.000600909000000000
317.955000000000	0.476054000000000	0.000600553000000000
318.621700000000	0.496743000000000	0.000600669000000000
319.288400000000	0.517575000000000	0.000600601000000000
319.955000000000	0.538384000000000	0.000601000000000000
320.621700000000	0.559518000000000	0.000600887000000000
321.288400000000	0.580805000000000	0.000600759000000000
321.955000000000	0.602260000000000	0.000600666000000000
322.621700000000	0.623872000000000	0.000600762000000000
323.288400000000	0.645521000000000	0.000600621000000000
323.955000000000	0.667281000000000	0.000600862000000000
324.621700000000	0.689031000000000	0.000600543000000000
325.288400000000	0.710838000000000	0.000600891000000000
325.955000000000	0.732615000000000	0.000600682000000000
326.621700000000	0.754223000000000	0.000600754000000000
327.288400000000	0.775656000000000	0.000600743000000000
327.955000000000	0.796971000000000	0.000601275000000000
328.621700000000	0.817784000000000	0.000600869000000000
329.288400000000	0.838285000000000	0.000600567000000000
329.955000000000	0.858250000000000	0.000600662000000000
330.621700000000	0.877612000000000	0.000600581000000000
331.288400000000	0.896188000000000	0.000600597000000000
331.955000000000	0.913874000000000	0.000600798000000000
45491.6633300000	0.271633000000000	0.000600753000000000
45492.3300000000	0.297679000000000	0.000600651000000000
45492.9966700000	0.323986000000000	0.000600656000000000
45493.6633300000	0.350568000000000	0.000600705000000000
45494.3300000000	0.377490000000000	0.000600689000000000
45494.9966700000	0.404771000000000	0.000600666000000000
45495.6633300000	0.432396000000000	0.000600737000000000
45496.3300000000	0.460455000000000	0.000600717000000000
45496.9967000000	0.488984000000000	0.000600660000000000
45497.6633000000	0.518079000000000	0.000600745000000000
45498.3300000000	0.547634000000000	0.000600650000000000
45498.9967000000	0.577979000000000	0.000600601000000000
45499.6633000000	0.608925000000000	0.000600813000000000
45500.3300000000	0.640567000000000	0.000600634000000000
45500.9967000000	0.672736000000000	0.000600847000000000
45501.6633000000	0.705352000000000	0.000600805000000000
45502.3300000000	0.738317000000000	0.000600742000000000
45502.9967000000	0.771314000000000	0.000600695000000000
45503.6633000000	0.804005000000000	0.000600833000000000
45504.3300000000	0.836224000000000	0.000600668000000000
45504.9967000000	0.867661000000000	0.000600760000000000
45505.6633000000	0.898043000000000	0.000600772000000000
45506.3300000000	0.927122000000000	0.000600657000000000
45506.9967000000	0.954623000000000	0.000600728000000000
45507.6633000000	0.980331000000000	0.000600648000000000
45508.3300000000	0.916724000000000	-0.000598986000000000
45508.9966670000	0.875271000000000	-0.000598823000000000
45509.6633300000	0.835423000000000	-0.000598750000000000
45510.3300000000	0.795342000000000	-0.000598677000000000
45510.9966700000	0.755008000000000	-0.000598599000000000
45511.6633300000	0.714802000000000	-0.000598591000000000
45512.3300000000	0.675450000000000	-0.000598823000000000
45512.9966700000	0.636991000000000	-0.000598603000000000
45513.6633300000	0.599939000000000	-0.000598842000000000
45514.3300000000	0.564381000000000	-0.000598758000000000
45514.9966700000	0.530232000000000	-0.000598680000000000
45515.6633300000	0.497510000000000	-0.000598781000000000
45516.3300000000	0.466348000000000	-0.000598728000000000
45516.9966700000	0.436170000000000	-0.000598700000000000
45517.6633300000	0.407039000000000	-0.000598900000000000
45518.3300000000	0.378835000000000	-0.000598621000000000
45518.9967000000	0.351470000000000	-0.000598684000000000
45519.6633000000	0.324808000000000	-0.000598664000000000
45520.3300000000	0.298799000000000	-0.000598619000000000
45520.9967000000	0.273373000000000	-0.000598573000000000
45521.6633000000	0.248507000000000	-0.000598870000000000
45522.3300000000	0.224180000000000	-0.000598717000000000
45522.9967000000	0.200325000000000	-0.000598757000000000
45523.6633000000	0.176972000000000	-0.000598783000000000
45524.3300000000	0.154066000000000	-0.000598695000000000
45524.9967000000	0.131615000000000	-0.000598670000000000
45525.6633000000	0.109575000000000	-0.000598888000000000
45526.3300000000	0.0879731000000000	-0.000598628000000000
45526.9967000000	0.0668063000000000	-0.000598596000000000
45527.6633000000	0.0461197000000000	-0.000598307000000000
45528.3300000000	0.0258682000000000	-0.000599041000000000
45528.9967000000	0.00609622000000000	-0.000598671000000000
45529.6533330000	0.108241000000000	0.000600631000000000
45530.3200000000	0.134603000000000	0.000600738000000000
45530.9866700000	0.160172000000000	0.000600716000000000
45531.6533300000	0.185617000000000	0.000600900000000000
45532.3200000000	0.211066000000000	0.000600774000000000
45532.9866700000	0.236637000000000	0.000600892000000000
45533.6533300000	0.262394000000000	0.000600679000000000
45534.3200000000	0.288370000000000	0.000600772000000000
45534.9866700000	0.314591000000000	0.000600952000000000
45535.6533300000	0.341074000000000	0.000600593000000000
45536.3200000000	0.367890000000000	0.000600891000000000
45536.9866700000	0.395031000000000	0.000600706000000000
45537.6533300000	0.422510000000000	0.000600871000000000
45538.3200000000	0.450414000000000	0.000600878000000000
45538.9867000000	0.478769000000000	0.000600627000000000
45539.6533000000	0.507675000000000	0.000600585000000000
45540.3200000000	0.537019000000000	0.000600612000000000
45540.9867000000	0.567106000000000	0.000600940000000000
45541.6533000000	0.597817000000000	0.000600672000000000
45542.3200000000	0.629214000000000	0.000600787000000000
45542.9867000000	0.661182000000000	0.000600937000000000
45543.6533000000	0.693749000000000	0.000600685000000000
45544.3200000000	0.726605000000000	0.000600547000000000
45544.9867000000	0.759578000000000	0.000600876000000000
45545.6533000000	0.792421000000000	0.000600904000000000
45546.3200000000	0.824878000000000	0.000600731000000000
45546.9867000000	0.856612000000000	0.000600866000000000
45547.6533000000	0.887386000000000	0.000600692000000000
45548.3200000000	0.916924000000000	0.000600677000000000
45548.9867000000	0.945004000000000	0.000600653000000000
45549.6533000000	0.971352000000000	0.000600589000000000
45550.3200000000	0.995847000000000	0.000600861000000000
45550.9766670000	0.889688000000000	-0.000598617000000000
45551.6433300000	0.849723000000000	-0.000598803000000000
45552.3100000000	0.809728000000000	-0.000598496000000000
45552.9766700000	0.769407000000000	-0.000598856000000000
45553.6433300000	0.729168000000000	-0.000598607000000000
45554.3100000000	0.689407000000000	-0.000598639000000000
45554.9766700000	0.650639000000000	-0.000598802000000000
45555.6433300000	0.613023000000000	-0.000598964000000000
45556.3100000000	0.576942000000000	-0.000598683000000000
45556.9766700000	0.542333000000000	-0.000598850000000000
45557.6433300000	0.509055000000000	-0.000598905000000000
45558.3100000000	0.477437000000000	-0.000598775000000000
45558.9766700000	0.446827000000000	-0.000598477000000000
45559.6433300000	0.417325000000000	-0.000598757000000000
45560.3100000000	0.388821000000000	-0.000598735000000000
45560.9767000000	0.361192000000000	-0.000598641000000000
45561.6433000000	0.334284000000000	-0.000598578000000000
45562.3100000000	0.308050000000000	-0.000598649000000000
45562.9767000000	0.282417000000000	-0.000598688000000000
45563.6433000000	0.257372000000000	-0.000598596000000000
45564.3100000000	0.232842000000000	-0.000598758000000000
45564.9767000000	0.208813000000000	-0.000598964000000000
45565.6433000000	0.185285000000000	-0.000598709000000000
45566.3100000000	0.162197000000000	-0.000598647000000000
45566.9767000000	0.139575000000000	-0.000598588000000000
45567.6433000000	0.117395000000000	-0.000598891000000000
45568.3100000000	0.0956463000000000	-0.000598643000000000
45568.9767000000	0.0743339000000000	-0.000598773000000000
45569.6433000000	0.0534553000000000	-0.000598790000000000
45570.3100000000	0.0330520000000000	-0.000598648000000000
45570.9767000000	0.0131056000000000	-0.000598849000000000
45571.6333330000	0.0979312000000000	0.000600802000000000
45572.3000000000	0.125195000000000	0.000600964000000000
45572.9666700000	0.150939000000000	0.000600587000000000
45573.6333300000	0.176388000000000	0.000600712000000000
45574.3000000000	0.201814000000000	0.000600517000000000
45574.9666700000	0.227347000000000	0.000600805000000000
45575.6333300000	0.253024000000000	0.000600645000000000
45576.3000000000	0.278911000000000	0.000600950000000000
45576.9666700000	0.305045000000000	0.000600804000000000
45577.6333300000	0.331447000000000	0.000600659000000000
45578.3000000000	0.358123000000000	0.000600737000000000
45578.9666700000	0.385141000000000	0.000600884000000000
45579.6333300000	0.412500000000000	0.000600595000000000
45580.3000000000	0.440260000000000	0.000600469000000000
45580.9667000000	0.468451000000000	0.000600867000000000
45581.6333000000	0.497144000000000	0.000600746000000000
45582.3000000000	0.526393000000000	0.000600752000000000
45582.9667000000	0.556121000000000	0.000600603000000000
45583.6333000000	0.586602000000000	0.000600698000000000
45584.3000000000	0.617852000000000	0.000600818000000000
45584.9667000000	0.649604000000000	0.000600585000000000
45585.6333000000	0.681946000000000	0.000600984000000000
45586.3000000000	0.714676000000000	0.000600523000000000
45586.9667000000	0.747698000000000	0.000600685000000000
45587.6333000000	0.780642000000000	0.000600875000000000
45588.3000000000	0.813247000000000	0.000600806000000000
45588.9667000000	0.845286000000000	0.000600747000000000
45589.6333000000	0.876460000000000	0.000600691000000000
45590.3000000000	0.906484000000000	0.000600804000000000
45590.9667000000	0.935142000000000	0.000600773000000000
45591.6333000000	0.962126000000000	0.000601074000000000
45592.3000000000	0.987319000000000	0.000600697000000000
45592.9566670000	0.904398000000000	-0.000598714000000000
45593.6233300000	0.864033000000000	-0.000598814000000000
45594.2900000000	0.824152000000000	-0.000598879000000000
45594.9566700000	0.783934000000000	-0.000598702000000000
45595.6233300000	0.743577000000000	-0.000598634000000000
45596.2900000000	0.703629000000000	-0.000598757000000000
45596.9566700000	0.664422000000000	-0.000598683000000000
45597.6233300000	0.626422000000000	-0.000598728000000000
45598.2900000000	0.589757000000000	-0.000598705000000000
45598.9566700000	0.554544000000000	-0.000598522000000000
45599.6233300000	0.520830000000000	-0.000598781000000000
45600.2900000000	0.488526000000000	-0.000598856000000000
45600.9566700000	0.457672000000000	-0.000598357000000000
45601.6233300000	0.427785000000000	-0.000598478000000000
45602.2900000000	0.398944000000000	-0.000598458000000000
45602.9567000000	0.370991000000000	-0.000598763000000000
45603.6233000000	0.343830000000000	-0.000598838000000000
45604.2900000000	0.317350000000000	-0.000598927000000000
45604.9567000000	0.291523000000000	-0.000598599000000000
45605.6233000000	0.266242000000000	-0.000598717000000000
45606.2900000000	0.241534000000000	-0.000598722000000000
45606.9567000000	0.217344000000000	-0.000598657000000000
45607.6233000000	0.193648000000000	-0.000598839000000000
45608.2900000000	0.170403000000000	-0.000598574000000000
45608.9567000000	0.147624000000000	-0.000598801000000000
45609.6233000000	0.125279000000000	-0.000598638000000000
45610.2900000000	0.103361000000000	-0.000598653000000000
45610.9567000000	0.0819000000000000	-0.000598652000000000
45611.6233000000	0.0608510000000000	-0.000598585000000000
45612.2900000000	0.0403000000000000	-0.000598664000000000
45612.9567000000	0.0201857000000000	-0.000598663000000000
45613.6233000000	0.000542789000000000	-0.000598701000000000
45614.2933330000	0.116247000000000	0.000600484000000000
45614.9600000000	0.142221000000000	0.000600770000000000
45615.6266700000	0.167727000000000	0.000600515000000000
45616.2933300000	0.193161000000000	0.000600933000000000
45616.9600000000	0.218663000000000	0.000600986000000000
45617.6266700000	0.244291000000000	0.000600743000000000
45618.2933300000	0.270104000000000	0.000600856000000000
45618.9600000000	0.296132000000000	0.000600704000000000
45619.6266700000	0.322441000000000	0.000600587000000000
45620.2933300000	0.349035000000000	0.000600811000000000
45620.9600000000	0.375920000000000	0.000600633000000000
45621.6266700000	0.403174000000000	0.000600998000000000
45622.2933300000	0.430794000000000	0.000600872000000000
45622.9600000000	0.458861000000000	0.000600753000000000
45623.6267000000	0.487370000000000	0.000600785000000000
45624.2933000000	0.516434000000000	0.000600523000000000
45624.9600000000	0.545944000000000	0.000600521000000000
45625.6267000000	0.576237000000000	0.000600850000000000
45626.2933000000	0.607131000000000	0.000600754000000000
45626.9600000000	0.638713000000000	0.000600823000000000
45627.6267000000	0.670954000000000	0.000600736000000000
45628.2933000000	0.703598000000000	0.000600971000000000
45628.9600000000	0.736519000000000	0.000600704000000000
45629.6267000000	0.769507000000000	0.000600837000000000
45630.2933000000	0.802275000000000	0.000600551000000000
45630.9600000000	0.834540000000000	0.000600641000000000
45631.6267000000	0.865999000000000	0.000600727000000000
45632.2933000000	0.896484000000000	0.000600529000000000
45632.9600000000	0.925691000000000	0.000600713000000000
45633.6267000000	0.953237000000000	0.000600694000000000
45634.2933000000	0.979043000000000	0.000600866000000000
45634.9500000000	0.919678000000000	-0.000598676000000000
45635.6166670000	0.877722000000000	-0.000598907000000000
45636.2833300000	0.837796000000000	-0.000598601000000000
45636.9500000000	0.797790000000000	-0.000598819000000000
45637.6166700000	0.757386000000000	-0.000598774000000000
45638.2833300000	0.717267000000000	-0.000598746000000000
45638.9500000000	0.677733000000000	-0.000598560000000000
45639.6166700000	0.639305000000000	-0.000598746000000000
45640.2833300000	0.602110000000000	-0.000598820000000000
45640.9500000000	0.566429000000000	-0.000598649000000000
45641.6166700000	0.532151000000000	-0.000598747000000000
45642.2833300000	0.499372000000000	-0.000598651000000000
45642.9500000000	0.468111000000000	-0.000598602000000000
45643.6166700000	0.437871000000000	-0.000598564000000000
45644.2833300000	0.408652000000000	-0.000598567000000000
45644.9500000000	0.380418000000000	-0.000598724000000000
45645.6167000000	0.352976000000000	-0.000598727000000000
45646.2833000000	0.326264000000000	-0.000598807000000000
45646.9500000000	0.300223000000000	-0.000598725000000000
45647.6167000000	0.274753000000000	-0.000598648000000000
45648.2833000000	0.249869000000000	-0.000598529000000000
45648.9500000000	0.225490000000000	-0.000598899000000000
45649.6167000000	0.201627000000000	-0.000598615000000000
45650.2833000000	0.178234000000000	-0.000598834000000000
45650.9500000000	0.155301000000000	-0.000598634000000000
45651.6167000000	0.132801000000000	-0.000598533000000000
45652.2833000000	0.110737000000000	-0.000598385000000000
45652.9500000000	0.0891136000000000	-0.000598836000000000
45653.6167000000	0.0679354000000000	-0.000598659000000000
45654.2833000000	0.0472352000000000	-0.000598772000000000
45654.9500000000	0.0269607000000000	-0.000598602000000000
45655.6167000000	0.00716226000000000	-0.000598521000000000
45656.2866670000	0.107054000000000	0.000600498000000000
45656.9533300000	0.133520000000000	0.000600537000000000
45657.6200000000	0.159113000000000	0.000600489000000000
45658.2866700000	0.184539000000000	0.000600778000000000
45658.9533300000	0.209993000000000	0.000600894000000000
45659.6200000000	0.235567000000000	0.000600638000000000
45660.2866700000	0.261325000000000	0.000600701000000000
45660.9533300000	0.287285000000000	0.000600688000000000
45661.6200000000	0.313506000000000	0.000600549000000000
45662.2866700000	0.339994000000000	0.000600802000000000
45662.9533300000	0.366800000000000	0.000600734000000000
45663.6200000000	0.393930000000000	0.000600631000000000
45664.2866700000	0.421415000000000	0.000600668000000000
45664.9533300000	0.449316000000000	0.000600629000000000
45665.6200000000	0.477664000000000	0.000600585000000000
45666.2867000000	0.506550000000000	0.000600768000000000
45666.9533000000	0.535822000000000	0.000600653000000000
45667.6200000000	0.565936000000000	0.000600744000000000
45668.2867000000	0.596642000000000	0.000600936000000000
45668.9533000000	0.628016000000000	0.000600640000000000
45669.6200000000	0.660025000000000	0.000600831000000000
45670.2867000000	0.692510000000000	0.000600752000000000
45670.9533000000	0.725395000000000	0.000600526000000000
45671.6200000000	0.758397000000000	0.000600719000000000
45672.2867000000	0.791231000000000	0.000600941000000000
45672.9533000000	0.823723000000000	0.000600745000000000
45673.6200000000	0.855500000000000	0.000600825000000000
45674.2867000000	0.886359000000000	0.000600901000000000
45674.9533000000	0.915915000000000	0.000600741000000000
45675.6200000000	0.944089000000000	0.000600895000000000
45676.2867000000	0.970518000000000	0.000600920000000000
45676.9533000000	0.995108000000000	0.000600821000000000
45677.6100000000	0.891301000000000	-0.000598758000000000
45678.2766700000	0.851329000000000	-0.000598685000000000
45678.9433300000	0.811304000000000	-0.000598673000000000
45679.6100000000	0.771050000000000	-0.000598690000000000
45680.2766700000	0.730725000000000	-0.000598674000000000
45680.9433300000	0.690976000000000	-0.000599044000000000
45681.6100000000	0.652124000000000	-0.000598840000000000
45682.2766700000	0.614524000000000	-0.000598619000000000
45682.9433300000	0.578308000000000	-0.000598843000000000
45683.6100000000	0.543586000000000	-0.000598805000000000
45684.2766700000	0.510246000000000	-0.000598574000000000
45684.9433300000	0.478563000000000	-0.000598714000000000
45685.6100000000	0.447909000000000	-0.000598805000000000
45686.2766700000	0.418379000000000	-0.000598614000000000
45686.9433000000	0.389825000000000	-0.000598684000000000
45687.6100000000	0.362110000000000	-0.000598578000000000
45688.2767000000	0.335175000000000	-0.000598653000000000
45688.9433000000	0.308895000000000	-0.000598633000000000
45689.6100000000	0.283245000000000	-0.000598642000000000
45690.2767000000	0.258156000000000	-0.000598795000000000
45690.9433000000	0.233603000000000	-0.000598848000000000
45691.6100000000	0.209565000000000	-0.000598465000000000
45692.2767000000	0.186007000000000	-0.000598880000000000
45692.9433000000	0.162911000000000	-0.000598587000000000
45693.6100000000	0.140277000000000	-0.000598781000000000
45694.2767000000	0.118068000000000	-0.000598741000000000
45694.9433000000	0.0962941000000000	-0.000598850000000000
45695.6100000000	0.0749632000000000	-0.000598819000000000
45696.2767000000	0.0540950000000000	-0.000598700000000000
45696.9433000000	0.0336762000000000	-0.000598705000000000
45697.6100000000	0.0137221000000000	-0.000598597000000000
45698.2700000000	0.0973616000000000	0.000601120000000000
45698.9366670000	0.124700000000000	0.000600556000000000
45699.6033300000	0.150456000000000	0.000600728000000000
45700.2700000000	0.175911000000000	0.000600796000000000
45700.9366700000	0.201356000000000	0.000600780000000000
45701.6033300000	0.226882000000000	0.000600410000000000
45702.2700000000	0.252580000000000	0.000600955000000000
45702.9366700000	0.278475000000000	0.000600690000000000
45703.6033300000	0.304606000000000	0.000600692000000000
45704.2700000000	0.331004000000000	0.000600685000000000
45704.9366700000	0.357695000000000	0.000600776000000000
45705.6033300000	0.384715000000000	0.000600919000000000
45706.2700000000	0.412082000000000	0.000600746000000000
45706.9366700000	0.439827000000000	0.000600710000000000
45707.6033000000	0.468042000000000	0.000600578000000000
45708.2700000000	0.496701000000000	0.000600812000000000
45708.9367000000	0.525953000000000	0.000600875000000000
45709.6033000000	0.555643000000000	0.000600877000000000
45710.2700000000	0.586162000000000	0.000600795000000000
45710.9367000000	0.617392000000000	0.000600951000000000
45711.6033000000	0.649140000000000	0.000600739000000000
45712.2700000000	0.681497000000000	0.000600706000000000
45712.9367000000	0.714222000000000	0.000601104000000000
45713.6033000000	0.747260000000000	0.000600733000000000
45714.2700000000	0.780231000000000	0.000600530000000000
45714.9367000000	0.812834000000000	0.000600818000000000
45715.6033000000	0.844915000000000	0.000600681000000000
45716.2700000000	0.876113000000000	0.000600905000000000
45716.9367000000	0.906119000000000	0.000600707000000000
45717.6033000000	0.934804000000000	0.000600776000000000
45718.2700000000	0.961824000000000	0.000600824000000000
45718.9367000000	0.987053000000000	0.000600664000000000
45719.6066670000	0.904328000000000	-0.000598641000000000
45720.2733300000	0.863948000000000	-0.000598614000000000
45720.9400000000	0.824091000000000	-0.000598505000000000
45721.6066700000	0.783871000000000	-0.000598906000000000
45722.2733300000	0.743519000000000	-0.000598779000000000
45722.9400000000	0.703508000000000	-0.000598646000000000
45723.6066700000	0.664291000000000	-0.000598598000000000
45724.2733300000	0.626277000000000	-0.000598732000000000
45724.9400000000	0.589612000000000	-0.000598926000000000
45725.6066700000	0.554403000000000	-0.000598546000000000
45726.2733300000	0.520694000000000	-0.000598509000000000
45726.9400000000	0.488384000000000	-0.000598921000000000
45727.6066700000	0.457503000000000	-0.000598440000000000
45728.2733300000	0.427613000000000	-0.000598641000000000
45728.9400000000	0.398761000000000	-0.000598644000000000
45729.6067000000	0.370827000000000	-0.000598844000000000
45730.2733000000	0.343646000000000	-0.000598647000000000
45730.9400000000	0.317191000000000	-0.000598775000000000
45731.6067000000	0.291347000000000	-0.000598668000000000
45732.2733000000	0.266076000000000	-0.000598816000000000
45732.9400000000	0.241365000000000	-0.000598810000000000
45733.6067000000	0.217164000000000	-0.000598561000000000
45734.2733000000	0.193449000000000	-0.000598667000000000
45734.9400000000	0.170200000000000	-0.000598710000000000
45735.6067000000	0.147438000000000	-0.000598645000000000
45736.2733000000	0.125079000000000	-0.000598477000000000
45736.9400000000	0.103174000000000	-0.000598771000000000
45737.6067000000	0.0816958000000000	-0.000598700000000000
45738.2733000000	0.0606681000000000	-0.000598774000000000
45738.9400000000	0.0400995000000000	-0.000598648000000000
45739.6067000000	0.0200038000000000	-0.000598646000000000
45740.2733000000	0.000355420000000000	-0.000598532000000000
45740.9333330000	0.116339000000000	0.000600929000000000
45741.6000000000	0.142343000000000	0.000600713000000000
45742.2666700000	0.167845000000000	0.000600643000000000
45742.9333300000	0.193275000000000	0.000600780000000000
45743.6000000000	0.218770000000000	0.000600574000000000
45744.2666700000	0.244408000000000	0.000600640000000000
45744.9333300000	0.270220000000000	0.000600544000000000
45745.6000000000	0.296268000000000	0.000600837000000000
45746.2666700000	0.322590000000000	0.000600966000000000
45746.9333300000	0.349206000000000	0.000600831000000000
45747.6000000000	0.376099000000000	0.000600497000000000
45748.2666700000	0.403376000000000	0.000600680000000000
45748.9333300000	0.431010000000000	0.000600962000000000
45749.6000000000	0.459053000000000	0.000600815000000000
45750.2667000000	0.487579000000000	0.000600969000000000
45750.9333000000	0.516635000000000	0.000600606000000000
45751.6000000000	0.546151000000000	0.000600636000000000
45752.2667000000	0.576463000000000	0.000600438000000000
45752.9333000000	0.607421000000000	0.000600694000000000
45753.6000000000	0.639030000000000	0.000600755000000000
45754.2667000000	0.671257000000000	0.000600771000000000
45754.9333000000	0.703878000000000	0.000600806000000000
45755.6000000000	0.736804000000000	0.000600788000000000
45756.2667000000	0.769801000000000	0.000600631000000000
45756.9333000000	0.802597000000000	0.000600754000000000
45757.6000000000	0.834836000000000	0.000600751000000000
45758.2667000000	0.866307000000000	0.000600787000000000
45758.9333000000	0.896809000000000	0.000600584000000000
45759.6000000000	0.925994000000000	0.000600675000000000
45760.2667000000	0.953548000000000	0.000600703000000000
45760.9333000000	0.979315000000000	0.000600854000000000
45761.5933330000	0.918705000000000	-0.000598852000000000
45762.2600000000	0.876922000000000	-0.000598894000000000
45762.9266700000	0.836985000000000	-0.000598983000000000
45763.5933300000	0.796912000000000	-0.000598771000000000
45764.2600000000	0.756542000000000	-0.000598849000000000
45764.9266700000	0.716367000000000	-0.000598649000000000
45765.5933300000	0.676887000000000	-0.000598697000000000
45766.2600000000	0.638400000000000	-0.000598726000000000
45766.9266700000	0.601271000000000	-0.000598944000000000
45767.5933300000	0.565652000000000	-0.000598511000000000
45768.2600000000	0.531394000000000	-0.000598718000000000
45768.9266700000	0.498617000000000	-0.000598642000000000
45769.5933300000	0.467356000000000	-0.000598521000000000
45770.2600000000	0.437104000000000	-0.000598758000000000
45770.9266700000	0.407949000000000	-0.000598719000000000
45771.5933000000	0.379722000000000	-0.000598773000000000
45772.2600000000	0.352298000000000	-0.000598856000000000
45772.9267000000	0.325627000000000	-0.000598524000000000
45773.5933000000	0.299564000000000	-0.000598666000000000
45774.2600000000	0.274133000000000	-0.000598681000000000
45774.9267000000	0.249237000000000	-0.000598514000000000
45775.5933000000	0.224863000000000	-0.000598631000000000
45776.2600000000	0.201013000000000	-0.000598747000000000
45776.9267000000	0.177607000000000	-0.000598864000000000
45777.5933000000	0.154671000000000	-0.000598667000000000
45778.2600000000	0.132187000000000	-0.000598857000000000
45778.9267000000	0.110120000000000	-0.000598720000000000
45779.5933000000	0.0884948000000000	-0.000598672000000000
45780.2600000000	0.0673349000000000	-0.000598590000000000
45780.9267000000	0.0466191000000000	-0.000598929000000000
45781.5933000000	0.0263629000000000	-0.000598567000000000
45782.2600000000	0.00656606000000000	-0.000598957000000000
45782.9200000000	0.107709000000000	0.000600679000000000
45783.5866700000	0.134119000000000	0.000600639000000000
45784.2533300000	0.159723000000000	0.000600644000000000
45784.9200000000	0.185167000000000	0.000600692000000000
45785.5866700000	0.210639000000000	0.000600677000000000
45786.2533300000	0.236213000000000	0.000600761000000000
45786.9200000000	0.261970000000000	0.000600825000000000
45787.5866700000	0.287943000000000	0.000600903000000000
45788.2533300000	0.314155000000000	0.000600736000000000
45788.9200000000	0.340630000000000	0.000600642000000000
45789.5866700000	0.367454000000000	0.000600669000000000
45790.2533300000	0.394599000000000	0.000600595000000000
45790.9200000000	0.422088000000000	0.000600930000000000
45791.5866700000	0.450010000000000	0.000600507000000000
45792.2533000000	0.478371000000000	0.000600834000000000
45792.9200000000	0.507268000000000	0.000600744000000000
45793.5867000000	0.536572000000000	0.000600775000000000
45794.2533000000	0.566740000000000	0.000600712000000000
45794.9200000000	0.597452000000000	0.000600624000000000
45795.5867000000	0.628898000000000	0.000600814000000000
45796.2533000000	0.660897000000000	0.000600760000000000
45796.9200000000	0.693434000000000	0.000600865000000000
45797.5867000000	0.726325000000000	0.000600529000000000
45798.2533000000	0.759303000000000	0.000600742000000000
45798.9200000000	0.792150000000000	0.000600773000000000
45799.5867000000	0.824626000000000	0.000600725000000000
45800.2533000000	0.856402000000000	0.000600959000000000
45800.9200000000	0.887238000000000	0.000600866000000000
45801.5867000000	0.916800000000000	0.000600917000000000
45802.2533000000	0.944928000000000	0.000600926000000000
45802.9200000000	0.971288000000000	0.000600829000000000
45803.5867000000	0.995821000000000	0.000600643000000000
45804.2466670000	0.889645000000000	-0.000598710000000000
45804.9133300000	0.849674000000000	-0.000598792000000000
45805.5800000000	0.809636000000000	-0.000598498000000000
45806.2466700000	0.769356000000000	-0.000598615000000000
45806.9133300000	0.729047000000000	-0.000598552000000000
45807.5800000000	0.689270000000000	-0.000598613000000000
45808.2466700000	0.650471000000000	-0.000598706000000000
45808.9133300000	0.612875000000000	-0.000598730000000000
45809.5800000000	0.576780000000000	-0.000598858000000000
45810.2466700000	0.542107000000000	-0.000598724000000000
45810.9133300000	0.508804000000000	-0.000598859000000000
45811.5800000000	0.477202000000000	-0.000599006000000000
45812.2466700000	0.446579000000000	-0.000598854000000000
45812.9133300000	0.417079000000000	-0.000598680000000000
45813.5800000000	0.388558000000000	-0.000598860000000000
45814.2467000000	0.360896000000000	-0.000598919000000000
45814.9133000000	0.333991000000000	-0.000598540000000000
45815.5800000000	0.307761000000000	-0.000598690000000000
45816.2467000000	0.282133000000000	-0.000598826000000000
45816.9133000000	0.257060000000000	-0.000598796000000000
45817.5800000000	0.232540000000000	-0.000598758000000000
45818.2467000000	0.208503000000000	-0.000598590000000000
45818.9133000000	0.184975000000000	-0.000598694000000000
45819.5800000000	0.161904000000000	-0.000598561000000000
45820.2467000000	0.139278000000000	-0.000598891000000000
45820.9133000000	0.117082000000000	-0.000598684000000000
45821.5800000000	0.0953306000000000	-0.000598716000000000
45822.2467000000	0.0740218000000000	-0.000598619000000000
45822.9133000000	0.0531439000000000	-0.000599051000000000
45823.5800000000	0.0327336000000000	-0.000598574000000000
45824.2467000000	0.0128052000000000	-0.000598535000000000