Voltaje	Corriente
0.789211	0.000057
0.779211	0.000052
0.769211	0.000047
0.759211	0.000044
0.749211	0.000041
0.739210	0.000038
0.729410	0.000036
0.719210	0.000033
0.709210	0.000031
0.699409	0.000029
0.689409	0.000027
0.679209	0.000025
0.669409	0.000023
0.659208	0.000022
0.649408	0.000020
0.639208	0.000019
0.629208	0.000018
0.619208	0.000016
0.609407	0.000015
0.599407	0.000014
0.589207	0.000013
0.579407	0.000012
0.569206	0.000011
0.559206	0.000010
0.549206	0.000009
0.539406	0.000008
0.529206	0.000007
0.519405	0.000007
0.509205	0.000006
0.499405	0.000005
0.489405	0.000004
0.479204	0.000004
0.469404	0.000003
0.459604	0.000002
0.449404	0.000002
0.439404	0.000001
0.429403	0.000001
0.419203	-0.000000
0.409403	-0.000001
0.399403	-0.000001
0.389402	-0.000002
0.379402	-0.000002
0.369602	-0.000003
0.359602	-0.000003
0.349601	-0.000004
0.339601	-0.000004
0.329401	-0.000005
0.319401	-0.000005
0.309601	-0.000006
0.299600	-0.000006
0.289400	-0.000006
0.279600	-0.000007
0.269400	-0.000007
0.259599	-0.000008
0.249799	-0.000008
0.239799	-0.000008
0.229799	-0.000009
0.219599	-0.000009
0.209598	-0.000010
0.199798	-0.000010
0.189598	-0.000010
0.179598	-0.000011
0.169597	-0.000011
0.159597	-0.000011
0.149597	-0.000012
0.139797	-0.000012
0.129796	-0.000012
0.119596	-0.000013
0.109596	-0.000013
0.099796	-0.000013
0.089796	-0.000013
0.079595	-0.000014
0.069795	-0.000014
0.059595	-0.000014
0.049595	-0.000015
0.039994	-0.000015
0.029794	-0.000015
0.019794	-0.000016
0.009794	-0.000016
-0.000206	-0.000016
-0.010207	-0.000017
-0.020407	-0.000017
-0.030207	-0.000018
-0.040007	-0.000018
-0.050208	-0.000018
-0.060408	-0.000019
-0.070208	-0.000019
-0.080208	-0.000020
-0.090208	-0.000020
-0.100409	-0.000020
-0.110209	-0.000021
-0.120209	-0.000021
-0.130209	-0.000022
-0.140210	-0.000022
-0.150210	-0.000023
-0.160410	-0.000023
-0.170010	-0.000023
-0.180211	-0.000024
-0.190011	-0.000024
-0.200211	-0.000025
-0.210211	-0.000025
-0.220211	-0.000026
-0.230212	-0.000026
-0.240212	-0.000027
-0.250212	-0.000027
-0.260212	-0.000028
-0.270413	-0.000028
-0.280213	-0.000029
-0.290013	-0.000030
-0.300013	-0.000030
-0.310014	-0.000031
-0.320014	-0.000031
-0.330014	-0.000032
-0.340014	-0.000033
-0.350014	-0.000033
-0.360215	-0.000034
-0.370015	-0.000035
-0.380015	-0.000035
-0.390215	-0.000036
-0.400016	-0.000037
-0.409816	-0.000038
-0.419816	-0.000039
-0.429816	-0.000039
-0.439817	-0.000040
-0.450017	-0.000041
-0.459817	-0.000042
-0.470017	-0.000043
-0.480017	-0.000044
-0.490018	-0.000045
-0.500018	-0.000039
-0.509818	-0.000047
-0.519818	-0.000041
-0.529819	-0.000049
-0.540019	-0.000050
-0.549619	-0.000051
-0.559819	-0.000052
-0.569819	-0.000053
-0.579620	-0.000054
-0.589820	-0.000056
-0.599820	-0.000057
-0.609820	-0.000058
-0.619821	-0.000059
-0.629821	-0.000061
-0.639621	-0.000062
-0.649821	-0.000063
-0.659622	-0.000065
-0.669822	-0.000066
-0.679822	-0.000068
-0.689822	-0.000069
-0.699822	-0.000071
-0.709823	-0.000072
-0.719823	-0.000074
-0.729623	-0.000075
-0.739823	-0.000077
-0.749824	-0.000079
-0.759624	-0.000080
-0.769824	-0.000082
-0.779624	-0.000084
-0.789824	-0.000086
-0.799625	-0.000088
-0.789424	-0.000076
-0.779424	-0.000068
-0.769424	-0.000061
-0.759424	-0.000055
-0.749424	-0.000050
-0.739623	-0.000046
-0.729423	-0.000042
-0.719623	-0.000039
-0.709423	-0.000036
-0.699622	-0.000033
-0.689422	-0.000030
-0.679622	-0.000028
-0.669622	-0.000026
-0.659421	-0.000024
-0.649621	-0.000022
-0.639421	-0.000020
-0.629421	-0.000019
-0.619421	-0.000017
-0.609420	-0.000016
-0.599620	-0.000014
-0.589420	-0.000013
-0.579620	-0.000012
-0.569619	-0.000011
-0.559619	-0.000010
-0.549619	-0.000009
-0.539819	-0.000008
-0.529619	-0.000007
-0.519618	-0.000006
-0.509618	-0.000005
-0.499618	-0.000004
-0.489618	-0.000003
-0.479617	-0.000002
-0.469617	-0.000002
-0.459617	-0.000001
-0.449617	-0.000000
-0.439617	0.000000
-0.429816	0.000001
-0.419616	0.000002
-0.409616	0.000002
-0.399816	0.000003
-0.389815	0.000003
-0.379815	0.000004
-0.369815	0.000005
-0.359815	0.000005
-0.349814	0.000006
-0.339814	0.000006
-0.330014	0.000006
-0.319814	0.000007
-0.309814	0.000007
-0.299813	0.000008
-0.289813	0.000008
-0.279813	0.000009
-0.269613	0.000009
-0.259812	0.000010
-0.249812	0.000010
-0.239812	0.000010
-0.229812	0.000011
-0.219811	0.000011
-0.209811	0.000012
-0.199811	0.000012
-0.189811	0.000012
-0.179811	0.000013
-0.169810	0.000013
-0.159810	0.000013
-0.149810	0.000014
-0.140010	0.000014
-0.130009	0.000014
-0.120009	0.000015
-0.109809	0.000015
-0.099809	0.000015
-0.089808	0.000016
-0.079808	0.000016
-0.069808	0.000016
-0.059808	0.000017
-0.049808	0.000017
-0.040007	0.000017
-0.030007	0.000018
-0.019807	0.000018
-0.009807	0.000018
-0.000006	0.000019
0.009994	0.000019
0.019994	0.000019
0.029994	0.000020
0.039994	0.000020
0.049995	0.000020
0.059995	0.000021
0.069995	0.000021
0.079995	0.000021
0.090196	0.000022
0.099796	0.000022
0.109996	0.000022
0.119796	0.000023
0.130196	0.000023
0.139797	0.000023
0.149797	0.000024
0.159997	0.000024
0.169797	0.000024
0.179998	0.000025
0.189598	0.000025
0.199998	0.000026
0.209798	0.000026
0.219799	0.000026
0.229799	0.000027
0.239799	0.000027
0.249799	0.000028
0.259999	0.000028
0.270000	0.000029
0.279800	0.000029
0.289800	0.000030
0.299800	0.000030
0.309801	0.000031
0.319601	0.000031
0.329801	0.000032
0.339801	0.000032
0.349601	0.000033
0.360002	0.000033
0.369802	0.000034
0.379802	0.000035
0.389602	0.000035
0.400003	0.000036
0.409603	0.000036
0.419403	0.000037
0.429803	0.000037
0.439604	0.000038
0.449604	0.000038
0.459604	0.000039
0.469804	0.000039
0.479604	0.000040
0.489405	0.000040
0.499605	0.000041
0.509605	0.000041
0.519605	0.000042
0.529606	0.000042
0.539606	0.000043
0.549606	0.000044
0.559606	0.000044
0.569606	0.000045
0.579407	0.000039
0.589607	0.000047
0.599607	0.000040
0.609607	0.000048
0.619608	0.000041
0.629608	0.000049
0.639408	0.000050
0.649608	0.000051
0.659809	0.000051
0.669609	0.000052
0.679609	0.000053
0.689409	0.000054
0.699609	0.000055
0.709610	0.000055
0.719410	0.000056
0.729610	0.000057
0.739410	0.000058
0.749611	0.000059
0.759411	0.000060
0.769411	0.000061
0.779411	0.000062
0.789411	0.000063
0.799412	0.000064
