Voltaje	Corriente
0.789011	0.001068
0.779211	0.000749
0.769011	0.000520
0.759211	0.000347
0.749211	0.000217
0.739010	0.000102
0.729010	0.000013
0.719210	-0.000055
0.709210	-0.000121
0.699209	-0.000180
0.689409	-0.000228
0.679009	-0.000270
0.669209	-0.000308
0.659208	-0.000343
0.649408	-0.000375
0.639208	-0.000404
0.629208	-0.000432
0.619408	-0.000458
0.609207	-0.000423
0.599207	-0.000508
0.589207	-0.000532
0.579407	-0.000554
0.569206	-0.000577
0.559206	-0.000598
0.549206	-0.000620
0.539406	-0.000641
0.529206	-0.000662
0.519005	-0.000682
0.509205	-0.000703
0.499205	-0.000723
0.489005	-0.000743
0.479204	-0.000763
0.469204	-0.000782
0.459404	-0.000802
0.449204	-0.000821
0.439203	-0.000840
0.429203	-0.000859
0.419203	-0.000878
0.409203	-0.000897
0.399403	-0.000915
0.389402	-0.000934
0.379202	-0.000952
0.369402	-0.000970
0.359402	-0.000988
0.349201	-0.001005
0.339401	-0.001023
0.329401	-0.001041
0.319401	-0.001058
0.309401	-0.001075
0.299400	-0.001092
0.289400	-0.001108
0.279400	-0.001124
0.269400	-0.001140
0.259599	-0.001157
0.249399	-0.001172
0.239399	-0.001188
0.229399	-0.001203
0.219399	-0.001218
0.209398	-0.001232
0.199398	-0.001247
0.189198	-0.001261
0.179398	-0.001277
0.169397	-0.001290
0.159397	-0.001303
0.149397	-0.001317
0.139397	-0.001330
0.129396	-0.001343
0.119396	-0.001356
0.109596	-0.001369
0.099596	-0.001382
0.089396	-0.001394
0.079595	-0.001407
0.069595	-0.001419
0.059395	-0.001432
0.049395	-0.001444
0.039394	-0.001456
0.029594	-0.001469
0.019394	-0.001481
0.009594	-0.001493
-0.000406	-0.001505
-0.010607	-0.001517
-0.020407	-0.001530
-0.030407	-0.001542
-0.040407	-0.001554
-0.050208	-0.001566
-0.060408	-0.001578
-0.070208	-0.001591
-0.080408	-0.001603
-0.090409	-0.001615
-0.100609	-0.001627
-0.110409	-0.001639
-0.120409	-0.001651
-0.130609	-0.001663
-0.140410	-0.001674
-0.150410	-0.001686
-0.160410	-0.001697
-0.170410	-0.001708
-0.180211	-0.001720
-0.190611	-0.001730
-0.200411	-0.001741
-0.210211	-0.001751
-0.220411	-0.001762
-0.230412	-0.001772
-0.240412	-0.001781
-0.250412	-0.001790
-0.260212	-0.001799
-0.270413	-0.001807
-0.280213	-0.001816
-0.290213	-0.001824
-0.300413	-0.001832
-0.310214	-0.001840
-0.320214	-0.001846
-0.330414	-0.001854
-0.340214	-0.001860
-0.350414	-0.001867
-0.360215	-0.001873
-0.370415	-0.001879
-0.380215	-0.001885
-0.390015	-0.001891
-0.400416	-0.001896
-0.410216	-0.001901
-0.420016	-0.001906
-0.430216	-0.001911
-0.440216	-0.001915
-0.450217	-0.001920
-0.460017	-0.001924
-0.470017	-0.001928
-0.480017	-0.001932
-0.490218	-0.001936
-0.500218	-0.001939
-0.510218	-0.001943
-0.520018	-0.001946
-0.530019	-0.001950
-0.540019	-0.001954
-0.550019	-0.001957
-0.560219	-0.001961
-0.570019	-0.001964
-0.580020	-0.001968
-0.590020	-0.001972
-0.600020	-0.001976
-0.609820	-0.001980
-0.620021	-0.001986
-0.630021	-0.001990
-0.640221	-0.001995
-0.650221	-0.002001
-0.660022	-0.002007
-0.670222	-0.002014
-0.680222	-0.002021
-0.690022	-0.002029
-0.700022	-0.002038
-0.710223	-0.002049
-0.719823	-0.002060
-0.730023	-0.002072
-0.739823	-0.002086
-0.749824	-0.002100
-0.760024	-0.002117
-0.769824	-0.002135
-0.779824	-0.002155
-0.789824	-0.002177
-0.800025	-0.002202
-0.789624	-0.001482
-0.779624	-0.001001
-0.769624	-0.000650
-0.759624	-0.000381
-0.749624	-0.000177
-0.739823	-0.000002
-0.729623	0.000055
-0.719823	0.000240
-0.709623	0.000347
-0.699822	0.000429
-0.689822	0.000500
-0.679622	0.000498
-0.669622	0.000615
-0.659822	0.000663
-0.649821	0.000706
-0.639821	0.000745
-0.629821	0.000780
-0.619821	0.000812
-0.609820	0.000844
-0.599820	0.000871
-0.589820	0.000896
-0.579820	0.000920
-0.569819	0.000943
-0.559819	0.000964
-0.549819	0.000984
-0.539819	0.001004
-0.529819	0.001022
-0.519818	0.001040
-0.509818	0.001057
-0.499618	0.001074
-0.489818	0.001090
-0.480017	0.001105
-0.470017	0.001121
-0.459817	0.001135
-0.449817	0.001150
-0.439817	0.001163
-0.429816	0.001177
-0.419816	0.001190
-0.409816	0.001203
-0.400016	0.001216
-0.389815	0.001228
-0.380015	0.001241
-0.369815	0.001253
-0.360015	0.001265
-0.350014	0.001277
-0.340014	0.001288
-0.329814	0.001299
-0.320014	0.001311
-0.310014	0.001321
-0.300013	0.001332
-0.289813	0.001343
-0.280013	0.001353
-0.270013	0.001364
-0.260212	0.001374
-0.249812	0.001384
-0.240012	0.001394
-0.230012	0.001403
-0.220211	0.001412
-0.210211	0.001422
-0.199811	0.001430
-0.190011	0.001438
-0.180211	0.001446
-0.170210	0.001454
-0.160010	0.001461
-0.150010	0.001468
-0.139810	0.001475
-0.130009	0.001482
-0.120009	0.001488
-0.110209	0.001495
-0.100209	0.001501
-0.090208	0.001507
-0.080208	0.001513
-0.070008	0.001518
-0.059808	0.001523
-0.050008	0.001528
-0.040207	0.001534
-0.030207	0.001538
-0.020207	0.001542
-0.010007	0.001547
-0.000206	0.001551
0.009994	0.001555
0.019994	0.001559
0.029794	0.001563
0.039794	0.001566
0.049995	0.001570
0.059595	0.001574
0.069795	0.001577
0.079795	0.001580
0.089796	0.001584
0.099796	0.001587
0.109796	0.001590
0.119796	0.001594
0.129596	0.001597
0.139597	0.001600
0.149797	0.001603
0.159797	0.001607
0.169597	0.001610
0.179798	0.001612
0.189598	0.001617
0.199798	0.001619
0.209798	0.001621
0.219799	0.001624
0.229799	0.001626
0.239599	0.001628
0.249799	0.001629
0.259799	0.001631
0.269800	0.001632
0.279800	0.001633
0.289600	0.001633
0.299600	0.001633
0.309801	0.001633
0.319601	0.001633
0.329601	0.001631
0.339601	0.001630
0.349601	0.001628
0.359602	0.001626
0.369602	0.001624
0.379602	0.001621
0.389602	0.001618
0.399403	0.001614
0.409403	0.001610
0.419603	0.001607
0.429403	0.001602
0.439604	0.001598
0.449604	0.001593
0.459604	0.001588
0.469404	0.001584
0.479604	0.001579
0.489405	0.001574
0.499405	0.001569
0.509405	0.001564
0.519405	0.001559
0.529406	0.001555
0.539406	0.001550
0.549406	0.001546
0.559406	0.001542
0.569606	0.001539
0.579407	0.001535
0.589607	0.001531
0.599407	0.001530
0.609607	0.001526
0.619608	0.001524
0.629408	0.001522
0.639408	0.001520
0.649608	0.001519
0.659409	0.001518
0.669409	0.001517
0.679609	0.001518
0.689409	0.001518
0.699209	0.001519
0.709410	0.001520
0.719410	0.001523
0.729610	0.001525
0.739210	0.001528
0.749411	0.001533
0.759411	0.001538
0.769411	0.001544
0.779411	0.001551
0.789411	0.001559
0.799412	0.001568
